-1.152959397998070346e+00
1.038392952317670037e+00
-1.145316670211021348e+00
1.412587699931736385e+00
-4.586533538926292897e-01
-3.219640193553521268e-01
-2.602503432786273940e+00
2.248036630354501408e+00
1.316574969357829028e+00
3.133973311392173500e+00
2.104071107571860111e+00
-2.536633164787242656e+00
1.294801075610374497e-01
2.529472451025337243e+00
8.115972659134951250e-02
1.891229286638318463e-01
-7.726633849194831649e-01
-2.110353290609360499e+00
5.455076704103344332e-01
1.688745621010403930e+00
9.830703804612079821e-01
-7.888331207057772687e-01
8.628382482790379893e-01
-1.224998988586983861e+00
2.913295485474860502e-01
1.714199954747641863e+00
5.277965520744017924e-01
-3.019895201818146857e-01
-1.610230807689278176e+00
-2.664222751982724957e-01
1.123642798907404039e+00
-1.957028272510656919e-01
-1.993779368941881902e+00
5.598948100815376305e-03
-6.199897719119247252e-01
-3.382148503161297004e+00
3.267404080245270404e+00
-5.362460727571412011e-01
1.557817515128355979e+00
1.442279252726355043e-01
1.925323214171710262e-01
8.640429826369002697e-01
-1.971568770409007687e+00
-9.670343133983849704e-02
-1.212333516714335646e-01
1.864059911089243071e-01
5.053278580741834558e-01
-9.509131504703138837e-01
-1.042005667605351293e-01
1.925356140600553712e+00
-2.243685419810788062e-01
-4.397812753675145458e+00
5.370262155879583776e-01
1.641741873396984630e+00
1.792734614437176965e-01
1.337116459186066919e+00
1.336757921100707680e+00
1.180631648527376232e+00
-1.620913150926320379e+00
9.196071328493844454e-01
-7.475005135629881892e-01
1.597038912372679809e+00
-3.237775773658014611e+00
-1.501563991963231537e+00
2.320210358412639007e+00
2.602704868082691414e-01
6.850589869065626392e-01
4.171453155149578151e-01
-2.567404806565816600e+00
1.440321979803726449e-01
1.079498796381131553e+00
1.109729989470685796e+00
-1.757696984671079932e-01
-1.755502019891878707e+00
1.244393024319147223e+00
-1.650740723481206595e-01
2.153858515504522675e+00
7.887605544061195850e-01
-1.684275090823327936e+00
4.864886712902639632e-01
-4.321253772725440756e-01
2.199982944999695711e+00
1.132903969416173551e+00
-2.101443385057563340e+00
4.698631204086442636e+00
3.338127268100495870e-01
-6.765974894801487505e-01
1.159991344663801272e+00
-2.002910610074090325e+00
-1.695802291288369901e+00
1.546903791594482769e-01
9.500533782316863407e-01
1.958157007261995597e+00
-1.604289102454486970e+00
7.199237824390272156e-01
-7.245547306177448910e-01
-1.362291533763673179e-01
7.241729038522527473e-01
-1.112496322128847748e+00
-8.770442278358128174e-01
-9.358243458492694344e-01
3.038370604264151176e+00
-1.016057497523522590e-01
-1.528251036585941969e-01
8.724064971756151365e-01
1.028469838208754816e-01
9.684961157534048848e-01
3.060860110579337601e+00
-8.394870514746314294e-01
-3.211069995730834181e-01
-6.294574813894725507e-01
8.884832066413563822e-01
1.311058584635840241e+00
-4.482353882956446878e-02
4.437827591030827912e-01
-6.504933523887379554e-01
1.465605672830366135e+00
3.992293504720787034e+00
5.523821261076060640e-01
1.881021877871468684e+00
2.898655226883364300e-01
-1.794633444641886566e-01
1.080989967300645116e+00
2.901918034865174523e+00
-4.919240463655144002e-01
-4.126331715694734337e-01
-4.255654625198250329e+00
-3.677897749063780974e-01
3.908114144143677304e-01
1.028466775093427182e-01
-1.763240547519239865e+00
7.001288709676470878e-01
3.378201646257266155e+00
-1.546391962815864884e+00
-2.758299983675700506e+00
1.388517452687091369e+00
-1.110835947447903260e+00
1.352591914939651918e+00
6.730364499327581296e-01
-4.036909660969605351e-01
-1.754883513941906781e+00
1.453988886098988020e+00
-1.153894397544146244e-01
2.008769575003604757e+00
-8.549905441389232807e-01
-1.068292696657445084e+00
-1.653350736347153349e+00
4.054209352448637560e+00
6.579427997253096683e-01
4.288937534187779121e+00
2.530609944263589650e+00
-3.702367877318757383e-01
1.005360276845789880e+00
5.177650755492604340e-01
-1.717347977823520111e-01
4.013538349782285408e+00
2.609739467826138193e-01
-6.120207667092719683e-01
-1.459867295112553531e+00
-7.651198206595867246e-01
-1.057588097204728850e-01
-5.288782767849223854e-01
-1.403285401565637081e+00
2.977420666710046682e+00
-1.170975906277812673e+00
1.390279586371911957e+00
-8.588443126085572032e-01
-3.389422548389501300e-01
1.709422667480160474e+00
-7.195518175477491063e-01
3.745940885021206590e+00
1.034039749917436968e-01
1.798508607522569802e+00
2.169906201728782680e+00
6.849979316186360911e-02
-5.959682837001756273e-01
-3.972728508675164028e-01
-1.796162810495417705e+00
1.316639334614946311e+00
7.329600616846412287e-01
7.570581010568594449e-01
-1.220145585641937425e+00
-1.798863154005259979e+00
2.032377374600200071e+00
-9.252702054883010785e-02
1.704710627617434637e+00
9.754371618289611190e-01
-1.354082945424903928e+00
2.999138613907590845e+00
-1.245174078076716206e+00
2.660637922807131073e+00
2.162705657244906599e-01
-1.825905143469157554e-01
1.208811688909718463e+00
7.794121250904149090e-01
4.160918822606338718e-01
-2.373668803772770897e+00
-8.901054167187072430e-01
-1.250221010108351738e+00
-1.857206445365537251e+00
3.014129303428248363e+00
-1.486225341730113669e+00
4.625353305435611517e+00
1.488416428563712035e+00
-1.745230817598646400e+00
-5.787206268775342277e-01
6.230099487840197181e-01
-1.140656786192105754e+00
-3.573643418570179864e-01
-2.900774870429984276e+00
-3.880383462305733389e+00
1.302652675049975173e+00
7.379335586743904773e-01
5.118319029950555432e+00
2.596613433529225468e+00
7.419042478800111917e-01
-1.407631695198418686e+00
7.603954913609815014e-01
9.364495683556106620e-01
5.542833829935177592e-01
-6.535842128133173556e-01
-1.640903807972388995e+00
1.269889273851871003e+00
1.597145905498851270e-01
-5.093447087357039910e-02
1.109848995316913500e+00
1.906304553888254372e+00
-5.011585329711205627e-01
1.403211446743291013e+00
2.578717098159722720e+00
-1.697083951016519210e-01
4.216945513367032494e-01
6.407007612162276544e-01
-6.235449477533816509e-02
-3.574843267816392167e-01
-3.311946505633541094e+00
6.188403224790361978e-01
-4.365038706753013642e+00
1.253177580971322369e+00
-2.945524850719363208e-01
2.146394927849555323e+00
-5.698356568904929809e-01
2.445198986765202864e+00
-7.189631314088285041e-01
9.423053099431752955e-01
-6.051352169173683793e-01
7.816275509664283305e-01
1.422650234908772626e+00
8.406456884414693631e-01
-2.540651981868019771e+00
-3.068939149171613590e+00
1.504477446356051185e-01
-6.689597029531275663e-01
-4.135913609303600302e-01
1.789899122677198973e+00
-1.823470548196969299e+00
1.415448348223033337e+00
2.048674828557727423e+00
-2.629153603339727807e-01
1.516138255668284307e+00
-2.686746398849514605e+00
1.003662897150249700e+00
3.658093873781589345e-01
2.205318434788434701e+00
-5.677299552984125697e+00
