-4.176169577309006287e-01
8.276567717881723185e-01
5.041785714720746769e-01
1.441744485305887391e+00
-1.006300289639672885e+00
-4.102471984134311578e-01
-1.166730850893784810e+00
-7.857813228296881558e-01
-1.483297286217565736e+00
-8.933601473273182769e-01
7.416841180260209665e-01
1.916099839613185640e-01
7.052794976128724525e-01
-4.296926883526711038e-01
-1.212609652421298145e+00
7.558613679207726310e-01
7.101329172486814389e-01
7.736576236509939974e-01
-2.126750351582806786e+00
-1.889413617472084361e-01
-2.972428392950253961e+00
7.312910544638520083e-01
-1.820122265857105903e-01
-3.751794897522753303e-03
-4.255140853532961565e-01
1.662845783371709407e+00
6.381888545129725809e-01
3.980169171986017718e-01
6.251082973195900561e-01
3.974813412898549614e-01
9.541801532306352085e-01
-2.201409557830213082e+00
-1.235062859422232151e+00
2.305366464695835838e+00
-1.744504685735348004e-01
-6.916537708878451873e-01
-1.331666798955245756e+00
1.414227084090324604e+00
3.066174876514433656e-01
3.632690644614264830e-01
-1.865274521272267005e+00
5.232533714823137672e-01
1.440658043472122563e+00
-1.602343465927971167e-01
-1.207077242838245912e+00
-4.568252430328183511e-01
1.569224536592495056e+00
-5.005236159271841956e-01
2.531604198651504767e-02
-2.868125766481813832e-01
7.691474409751983821e-01
5.634803378652315509e-01
-2.853330686996812249e-01
3.754820736745567711e-01
5.660974806244825075e-01
6.770955567592100710e-01
1.149775001728918555e+00
-2.844436592674521869e+00
4.158055564892062517e-01
7.085757850963967375e-01
2.428302175116692219e-03
1.597404752068613432e+00
-8.114055564370474816e-01
2.133301316696742944e-01
2.601481494978213238e+00
4.998898324957573025e-01
1.714313175631141384e-01
5.488545771682882268e-01
2.091012595798815710e+00
-3.881451315176989159e-01
6.699968529561308728e-01
9.425197764489291474e-01
6.195266674703048260e-01
6.845452048675479961e-01
9.177362868517211503e-01
9.205178551408417231e-01
-8.900048078477973412e-02
1.977299817339900345e-02
1.256448383083211162e+00
1.736078362423384425e+00
-2.340557664374195213e+00
6.626831921588087759e-01
1.761517248263714697e+00
1.362056884235443022e-01
-2.714567774201208650e+00
-8.818944258265228875e-01
9.239006058987319081e-01
-7.721983219015560174e-02
1.557316671986665790e+00
-5.419653144509231080e-01
2.023596060239479133e+00
-1.577620716400252032e-01
-6.427544484664078350e-01
-3.706339702742272202e+00
9.485059841494265509e-01
9.963461249673144504e-01
-1.587985857376195575e+00
-2.128927138738669900e-01
1.623854484955855604e-01
2.979683926191666332e-01
-3.215364633631956348e-01
-1.604063106424404417e+00
5.345326673026639108e-01
1.728095937812265337e+00
4.075035999324234659e-01
9.895393684609378460e-02
3.316700330780207318e-01
1.461091760178542476e+00
-6.656989094285352682e-01
1.326311988370162842e+00
2.008098925291781911e-02
-4.107938790408036667e-01
-1.789188602331889033e+00
3.876349589429353149e-01
-3.620529832444470131e-01
4.730316284738067534e-01
1.264405872364702921e+00
-2.637647453749707438e-01
-1.184023553841020426e-01
1.334936087639076341e+00
2.502687949248625365e-01
-8.921779285036421925e-01
-7.739745830096438350e-01
1.119103010161197620e+00
4.043992854392759462e-01
1.922489456421417608e-01
-1.541315770549336772e+00
7.218451247723014497e-01
-8.405546619894581628e-01
1.122315962107150789e+00
-3.591720974809514133e-01
-2.442613033084767016e-01
-8.998359012710130944e-01
1.521341092098605907e+00
2.881065397110955661e-01
-3.658313484373698632e-01
-9.141420427629389778e-01
4.497248766800092112e-01
-1.668624363930586885e+00
-1.107575491593698835e+00
1.525290595224249479e+00
1.380522381499273976e-01
-1.792026872285659822e+00
-4.886097679810319505e-01
2.635846292326695650e+00
6.239159555276885261e-01
-8.860245613133512776e-01
-1.844480012262923241e+00
1.237578305324973815e+00
-1.862701463849570027e+00
-6.553122819313612624e-01
-6.266534913132454365e-01
-2.758616566152278793e-01
5.451605157778615096e-01
-1.807381744808419510e+00
8.596913126214895673e-01
4.505678378152271346e-01
-7.179057078127579761e-01
1.239548417800396374e+00
2.620876892990786633e-01
-1.337569502094722029e-01
8.383372913818856187e-01
-2.795533119664252997e-01
6.203746287392934988e-01
-2.707969225331317009e-01
1.515229459536702850e+00
1.226832031677060897e-01
1.346477833493185949e+00
-1.822690785894733878e-01
-1.265980804981250429e-01
1.773688399952042527e-01
8.623560440166944119e-02
-2.090531884979738741e+00
-2.890714114574977067e-01
-2.683898860734602820e+00
1.095136146156453272e+00
-1.578472301544991963e+00
-8.154182481667080484e-01
1.068059956645457609e+00
-1.317443295216826904e-01
8.858149633271519829e-02
2.475676544211895536e-01
7.103044146321475516e-01
6.563560827035703760e-01
-1.369530561254148626e-01
-1.826314328379197827e+00
-8.859300287443061528e-01
5.643870645037210032e-01
2.017140355318334244e-01
2.049435224318585380e-02
9.520621795191746006e-01
-1.162511666801733234e+00
-3.923785144590627993e-01
6.337842690853079386e-01
-1.097854426456157384e-01
6.628321425649419396e-01
-5.527954919114617116e-01
7.142108527458987943e-01
-1.127061286182747590e+00
4.912307512949063426e-01
-3.575710998094758786e-01
9.654596311331342662e-02
7.124801011052661615e-02
-1.994426172175190359e+00
1.339242306259780246e+00
-1.812656436761929113e+00
-1.170283477801368432e+00
4.688494493974786348e-01
3.832341746619543077e-01
-1.159399389111490652e+00
5.746444913674227939e-01
-5.498265841131240173e-01
1.854398465340256097e+00
1.655718135423227766e+00
4.626268094956444976e-01
-5.766269890693864753e-02
-4.761823071190536272e-01
-4.313083981340541939e-01
-1.024388923697746367e+00
-5.307159186159555730e-01
9.740862019944944716e-01
-1.440793841474262038e+00
-6.407698768038554427e-01
4.361711604265243736e-01
1.806741195908609376e-01
5.983810169478098739e-01
-9.954894472215711776e-01
-3.307335294265111303e-01
-1.626980854121345965e-02
-2.207914956040791576e+00
-6.447787780744395070e-01
4.459881465954877999e-01
-6.540915087773638836e-01
2.022934435951497356e+00
-7.117570033657950879e-02
-3.616783304005461996e-01
-5.183372779923137719e-01
-2.379122644277127829e+00
-3.622149109479303464e-01
-3.299480503624490080e-01
-4.079369516490790604e-01
1.432791567652370812e+00
7.153130299161540862e-01
8.967459439256901810e-01
-2.446081666238173469e+00
-9.848751927560537300e-01
-2.611664173594178129e-01
8.640920030417963416e-01
7.911545772484320782e-01
8.534772596652608900e-01
-2.093674084235985777e-01
9.137968178695503596e-01
-3.065208457865677971e-01
-1.916896378936093548e+00
8.421110780168817866e-01
-2.234005303705626777e-01
-7.653134504765755075e-01
5.505589053596748883e-01
9.003000886220958732e-01
4.413931014187466584e-02
2.117471323080521994e-01
3.096512687013460052e+00
-3.409421504195288555e-01
-2.057348809915051202e+00
1.053405484671987136e+00
