-5.805284894523208283e-01
3.255675961678817121e+00
-9.315987333786006630e-01
-2.478566885144420695e+00
6.977630906255922749e-01
-1.868426792945570902e+00
-8.594623282741671311e-01
-8.236674563261764392e-01
-4.752561249971938295e-01
7.219094138448378661e-01
-5.580027998231640307e-02
5.289649743334026155e-01
1.550757886290693444e-01
-1.517964798818806527e+00
-4.106072314323194750e-01
1.190866874038486734e-01
-4.350428486009133566e-02
-4.241217239559091912e-02
2.916094204532643230e-01
7.239146557585262043e-01
-3.936796728486113839e-01
-6.566524982839971880e-01
-5.520778021919171830e-02
-2.588604986731532498e-01
-3.221960228284604710e+00
-1.733375498645631341e+00
5.455619647687197649e-01
5.835674722120864910e-01
7.065193437928340980e-01
2.863794093111406092e+00
-5.645607174686968488e-01
-2.380685884191293678e-01
-9.499369341664014588e-01
8.752649316216262187e-01
-3.784307195605385310e-01
-7.579898205956225876e-01
6.622600106774663153e-01
3.624142243523443829e-01
-4.968549193084179083e-01
-5.044023376020649874e-01
9.125171269240228700e-01
3.607587325584890592e-02
9.744092793571714761e-01
-1.972279675005333965e+00
-5.741031844295472197e-01
2.641885205589373786e-01
1.358968645760127991e-01
-1.008609592633881613e+00
-4.437098443945317605e-01
-6.183140372840973953e-01
7.540008294197291239e-01
-6.250690363017528117e-01
-9.112189743976717438e-01
-7.826662184712733783e-01
-2.616708566675237435e+00
1.508104018957798331e+00
2.294978106556949449e+00
-1.576996569613813293e-01
5.571074032060412407e-01
-2.261616290818233566e-01
-3.826274064076793380e-01
2.922918622283885437e-01
-1.210245844422084716e+00
-1.106458569693192784e+00
1.397202913170517924e+00
-7.182244691048933483e-01
-5.964972630176246238e-01
2.855181081427560219e-01
-4.765388887390104022e-01
-2.331584523814736187e-01
-9.219622748838092186e-01
-1.647595842847204839e-01
1.961262266309714564e-01
5.040701567142313877e-01
-5.550572298588924980e-01
-1.813148613021176025e-02
4.876073904850916629e-02
-1.067123223055190806e-01
-6.602356514385894215e-01
-8.115569748779887238e-01
-9.251011034152556434e-02
9.758955639244177860e-01
1.187596191712362970e+00
-3.665525734670942448e-01
-1.304515621515054402e-01
-8.778681249598736525e-01
-1.975055785597294999e-01
-2.377212038209271849e+00
1.432993301414929865e+00
-2.165106281800162513e+00
6.068012491577412515e-01
-5.390410489000303507e-01
5.828746060232121717e-01
-8.980496888171893843e-01
6.339701881185497712e-01
2.094147421325607272e+00
-2.802396813866976366e+00
3.625248477475897513e-01
-9.307460540199308241e-01
1.979044110384704513e-01
-2.931187355559494168e-01
2.990561016457473631e-01
-7.450356275878879941e-01
6.174752635148019753e-01
7.764753814256586395e-01
-1.623254952649367810e-01
1.253638010314029438e+00
-3.673805144634456621e-01
-2.970480143252716143e-01
-2.516842715261963015e+00
-1.229321902116116139e-01
-8.594334947619157727e-01
2.600001856740485007e+00
-2.832809073458619764e-02
8.446002141240638306e-01
-2.892459066008314927e-01
-9.199549490818552666e-01
5.125382440957979568e-01
-1.251576625057652548e+00
8.494296810559955890e-01
9.068694018155969427e-01
6.641869283355736897e-01
1.178879447566680616e+00
1.392193242116251062e+00
1.777752918410611116e-01
8.842622521059231300e-01
-7.465537862990798690e-01
-2.459411732891620961e-01
-1.358425566632736281e+00
-1.913915229772993554e+00
-1.190514889649092911e+00
-4.648235769746487112e-01
-4.355084938403974704e-01
6.641352427281719262e-01
7.714585823401405307e-01
-2.644957932081550833e-01
6.643445874880933300e-01
5.569856094351657294e-01
-4.841382339335036367e-01
4.554263531612050553e-01
1.071179324899452334e+00
-2.565930024140103516e+00
1.707412078401158162e+00
-2.313574271713821906e-01
5.533438319448159559e-01
-9.540698245103861330e-01
-6.539123550567582654e-01
-1.205431672433467105e-01
2.032440923027258872e-01
8.566534075846283791e-01
1.352711112704955587e+00
-1.030299835901448358e+00
-3.835457501600010310e+00
1.256930259764548863e+00
-6.957361837179558695e-01
-7.956905446395418080e-01
1.311524684075377811e+00
9.143207069904376594e-01
-1.035622483475053812e-01
-2.684514875069766715e-01
4.543667610574677607e-01
1.236500846147301491e-01
8.178093425453614174e-01
2.665278389744216714e-01
-7.776525007194940997e-01
2.261186688308085113e+00
-4.109918859833694427e-03
-2.751620606188209806e-02
-7.899789846040798924e-01
-8.778750966153785473e-01
7.407260757630903525e-01
-2.197230563196190811e-01
-7.014540245599629742e-01
-8.945973471512742581e-01
-1.058874459645448018e+00
8.051370895056577659e-01
8.788564630545333545e-01
4.114880805759084659e-01
-6.274784836790101572e-01
2.461015077646441895e+00
6.062694072047825067e-01
-6.782958695978758001e-01
3.713547379188024689e-01
1.227176253361111247e+00
-2.757932096383244769e+00
6.115587916255955658e-01
1.281966588863573953e-01
8.108442240246063193e-01
-2.538389853849257194e-02
1.249558728844064603e-01
-4.304828996830709631e-01
-4.942695945513820854e-01
-3.497235929913769525e-01
9.161259135961237199e-01
6.049573256552975842e-01
-1.142570331341047130e+00
-1.929391689485890904e-01
-6.509051469210358487e-01
5.555563790183337680e-02
-1.445268375335285960e+00
9.544683090698287131e-01
-7.129769442234599186e-01
1.699702756084007227e-01
-2.517996416284661532e+00
6.357610876262762556e-01
6.571775371447670100e-01
1.192245917178116343e-01
4.219701579188019913e-01
4.046988411603475999e-01
-2.170592068381633766e-01
8.936651373095672035e-02
3.962164266595509243e-01
9.834283968511785545e-01
7.184294318968472703e-01
8.276914113638043080e-01
-5.199227171019362714e-01
3.042626650451302206e-01
-7.318563971672973345e-01
2.126624622622723670e+00
-2.638981848229536853e-01
7.504913371587333959e-01
-6.947673221455767933e-01
6.681105677229193240e-02
-7.994435363117247118e-01
3.185779451679571217e-01
-9.829875848332529920e-01
4.505524934384830260e-01
-8.461119894775859240e-01
5.815665898616977358e-01
-2.746916381259161266e-01
8.655860384708431443e-01
1.410081401852445904e+00
-9.872964361472786887e-01
1.428394653416831250e+00
4.301759215776699286e-01
-1.693859488866629182e-01
-6.015010696818909874e-01
-4.185349915059164427e-01
-2.845818012990413148e-01
9.251512583676955170e-01
3.749700090940744079e-01
6.244759061637410458e-01
-1.920372706526465079e+00
-8.603167467775025834e-01
-6.199589738834843100e-01
-6.589137474282202867e-02
-8.075513230107664309e-02
3.616015812827333420e-03
-6.913405570914610276e-01
9.409743457917685294e-02
3.474904761562186417e-01
3.846089387788103053e-01
5.196124173076321906e-01
-9.480786192137269364e-01
-1.185977338506710055e+00
-8.616292363686395284e-01
6.971213085131378051e-01
7.122278040601941473e-01
8.393513333557944822e-01
2.452394019340160547e-01
5.939453377634782427e-01
-7.549445378615602387e-01
5.678362601513640140e-01
1.082215902169634258e+00
-2.617647463534182428e+00
