4.966395400240525282e-01
5.375922707645980347e-01
7.960774253434150793e-01
-6.347433923804197686e-01
1.308750051246486246e+00
-5.847208904755056835e-01
-9.076578914738417936e-01
-2.369075267910935700e+00
-1.962476860091769915e+00
1.580273744736217234e-01
1.056544678106694501e-01
-5.668498840631481794e-01
6.535302998777579031e-01
2.368626419040882336e-01
-1.540579084237100993e+00
3.557872908925857058e-01
-4.594415137794085613e-01
-2.545753338904724661e+00
9.679163079206191123e-01
-5.077496264429324224e-01
7.042421444252049412e-01
2.539752216393087458e-01
1.115426869508690855e+00
-4.586417463173247944e-01
-2.243778350385379206e+00
-1.875822181932368382e-02
2.912958077544662849e-01
-9.392628749539100319e-02
2.905163435580269127e-01
-1.579347019457518764e+00
3.021383871780780050e-01
6.263185970203075659e-01
-5.610730322192305497e-01
1.062569006053009968e+00
2.447050929696463761e+00
-5.290125840328323559e-01
8.521451888301854183e-01
9.528661201000665493e-02
6.007406159642234567e-01
-8.365597395800736802e-01
2.034658843561647057e+00
-9.833132410335656548e-01
5.620046426113762816e-01
-1.269211929589828314e+00
-3.572568217933200785e-01
6.795681137484359535e-01
1.705572603678272126e+00
-6.247965838832335583e-01
7.048566165125091931e-01
-2.123235617823402421e-01
-1.323060526858914621e-01
2.317182728218381449e+00
-1.319120708575529433e+00
3.141591652908881649e-01
-5.664432273253218186e-01
4.546547133879588642e+00
6.362548842125259618e-02
-8.537875136653052532e-01
2.736118634655460014e+00
6.072559788837537109e-01
1.871093644317133542e+00
-2.449809688877743752e-01
2.033767271982345193e-03
2.453972715088608147e-01
-6.259617881694062858e-01
-2.504871012950994347e-01
-3.913651725602758646e-01
-5.001898953007728466e-01
1.114243860703167499e+00
7.961461673446699194e-01
-2.758701974866605955e+00
7.221965871188567032e-01
5.666093658003759082e-01
5.390061964765269220e-01
-8.258244293307692718e-02
8.356165752879762820e-01
-1.872023539796922709e+00
1.497745735040396875e+00
2.466440437030546495e-01
-1.454542396310666008e-01
4.507047081130993726e-01
-1.487297706430281474e+00
-5.438666051676978030e-01
-1.548768548153327540e+00
-2.705285610052010625e-01
6.872289822127543024e-01
1.185295338746926941e+00
2.135109135182414741e-01
-5.442266319627230287e-01
7.705616419041867449e-01
-2.488555116878807816e-01
-5.358462233710130640e-01
-5.744895696942804442e-01
-6.240246526447352782e-01
5.022593690161865077e-01
3.746224606723618233e+00
4.019228517676110002e+00
2.760214343562060968e+00
1.258105290636743367e+00
-4.747194682421682632e-01
1.367692477012521834e+00
6.298574439676759562e-01
6.253280908592606657e-01
3.396303921505350321e-02
-1.406965934746104985e+00
3.009397857195664772e-01
9.728331456268977107e-01
1.283190620303739982e+00
-2.099583881139092667e-01
5.728329629989670213e-01
-1.251025092797714233e+00
-6.423372531983471134e-01
3.911559883781114966e+00
-2.892321983483305825e+00
2.203844376239852743e+00
-1.907999985636164020e+00
-1.233736266003224946e+00
3.835387161743781248e-01
2.732803038890596614e-02
-2.349883313843940336e+00
1.312848540080215898e+00
-6.137122330653961289e-01
-1.932645317200181179e-01
1.856967859990821701e+00
-3.531593353896352872e-01
-2.504056596851530481e-01
-8.777419156330072969e-01
3.792263667317148368e+00
1.517768925512681388e+00
-2.671695214985816413e-01
-5.988481784080927905e-01
-7.749423127473318296e-01
4.046045651486274153e-01
-1.569731491405949475e+00
-2.073731652398222991e+00
-5.421072001088252934e-01
-2.224496804529810245e-01
-1.716383439633710539e+00
-5.002078045924849281e-01
2.789082268790409325e-01
8.032151662125961433e-01
-1.282016377954378061e+00
6.758280000988654557e-01
-9.405513187883133286e-01
-1.091002923976168271e+00
-3.609190015496296366e-01
-1.025746276631442355e-01
4.595417397460318520e-01
-2.517858782826063901e+00
9.291456807820948072e-01
7.659693864450340950e-01
9.451584352977441261e-01
7.968552313753043403e-01
1.423201906969512098e+00
6.354588810452540537e-01
2.960104656333689910e+00
-2.119345149895159430e+00
5.891158999061840706e-02
-1.290058385207172087e+00
-1.439924191191666036e+00
2.568213383935713523e-02
1.237851148373611654e+00
1.567269468375271479e+00
1.085870542328037702e+00
2.782150386068366066e-02
4.056963608049236059e-01
1.939903376266396862e+00
-1.476177389323862776e-01
-1.456137923815103763e+00
4.118978234084813006e-01
-5.423102117222440288e-01
-1.524193782593499469e+00
-2.708833238600919735e+00
-1.437578538200929845e+00
-9.860210595803341194e-02
3.516832669573805026e-01
-9.680448450911751657e-01
5.412475462908856727e-01
2.078776462614684295e-01
2.485536078152903006e+00
-1.109697326054637445e+00
1.797645367904197045e-01
-1.607527414856676939e+00
2.473545360585212460e+00
7.461702502681022420e-02
-2.602960457725886467e+00
2.017582620762869983e+00
-1.452215252593240802e-01
9.682751424375632965e-01
-1.237670138247626728e+00
-1.264074448969823017e-01
-2.370494154276037158e-01
2.102307319998696133e+00
-1.305492980963343097e-01
5.201136712158602737e-01
1.220768017501114855e-01
-2.145970441139629870e+00
-8.464381069271544877e-01
-3.426446696126396851e+00
2.100876579191869986e+00
6.091514575711098889e-01
1.203875453486288105e+00
2.961230502252907293e-01
-1.208666958665870705e+00
-1.028828520094282162e+00
-1.190009619860675105e+00
2.784425755970385108e+00
-5.300582464528392768e-01
-2.784639591057225250e-01
2.643598870207592100e+00
-4.814977135212135106e-01
4.676653908129869919e+00
4.361845914894565412e-01
-5.320148389279093504e-01
9.486162009605718648e-01
8.288743914572720417e-01
-2.119572175651630808e+00
-1.866440959923674203e-01
-2.360110521015617024e-01
3.438821369948116824e-01
-1.839726786918911561e-01
-4.440874802732504012e-01
1.459959421462182938e+00
-2.603749945552384926e-01
-3.441792159792974592e-01
2.919293596521348455e-01
1.647451974938837660e+00
1.861831394047493093e+00
-2.454025674502081644e-01
-6.682428179143693470e-01
9.429896505056825085e-01
1.556457029958711935e+00
1.419951935159799339e+00
1.222117231422661598e+00
9.307489434956228713e-02
-3.519049108999627862e-01
4.816321504905829443e-02
1.163787923127805657e+00
4.869216477573959367e-01
-6.183970279891799482e-01
-3.063772791891926639e-01
2.109183352448759763e+00
5.349924011095728016e-01
9.825514173742766477e-01
6.118461102515084793e-01
-5.918689317059357968e-01
-1.046184638414318080e-01
-1.770588726152706682e+00
9.623751199255986544e-03
9.371351785791344202e-01
-1.227434252030144002e+00
-1.565151435773434185e-01
-8.921079591571766665e-01
1.898970285243098965e+00
1.080939014919235053e+00
6.098237656997693712e-01
-2.567228325593052141e+00
-6.371169055475716103e-01
6.706270644310485807e-01
-5.803213260620054825e-04
1.091894043614072274e-02
8.602249450787885499e-01
1.622507914427133269e+00
-3.496356024540830942e-01
-2.295301391754662745e+00
