2.014512801856022772e+00
4.432700930147928986e+00
-1.347218788695095704e+00
1.838131029935093252e+00
3.168412841891575571e+00
-1.776596756789788678e+00
7.912726882754375080e-01
8.082044894904198973e-01
-1.171385298414052922e+00
-1.750172588202656643e+00
2.058523482759345047e+00
-1.331468813917604965e+00
2.316684324317980770e-01
1.548236078737261767e-01
1.471308325343117507e-01
-1.016513381905997804e+01
-2.134405278635656877e+00
2.541200334497725200e-01
-1.172850268337512825e+00
-1.965443918029697645e+00
-8.660334352554011073e-01
-6.286520519190939016e-01
-5.489226542408931486e+00
-5.063950041964867532e-01
6.760660568294962758e-02
1.965809918813787416e+00
-2.949867724230767596e+00
1.996138975516851932e+00
8.033587817891810756e-01
-3.080257458245456714e-01
-3.579062846021578981e+00
-4.521305648588750614e+00
1.368034318113576120e+00
3.156787886145503652e+00
-5.381898686270258914e-02
-3.866645210752623907e-01
1.974698916379173719e+00
1.007997948681501832e+00
-1.221680836051181718e+00
7.139916554616605460e-01
-1.777716039780419255e+00
-1.738785893418745232e+00
4.433012070552855288e-02
-4.598428065347375693e+00
-3.363432196257236662e-01
-1.056483770675439526e+00
-2.525516698552300099e+00
1.817279933081399568e+00
-4.788904545670904511e+00
3.200225894608235144e+00
-2.144592950259831543e+00
1.198894964028342613e+00
-4.568021011730288850e-01
-2.132341462926823361e+00
-1.627323680166134601e+00
-3.363436770395954234e+00
-3.548375984552450735e+00
-4.041724057023503569e+00
4.347715950374190785e-01
4.021028432654081275e-01
2.164442788003629659e+00
1.489453102078013069e+00
-1.966886640002627917e+00
-1.461404186688081808e+00
-5.366002163483870602e-01
1.006655616458722147e+00
-2.005368610030800802e+00
5.265204593320053084e-01
-1.723136256169980340e-01
3.167573167295705705e+00
-5.046312809341180206e-02
3.889667204663229683e+00
1.071222303106609541e-01
4.976957504516132391e-01
-8.221317176846910657e-01
-1.597156010274258797e-02
3.102293357615715785e-01
-1.807868686811235914e+00
-1.468733486364755869e+00
1.083852953224002214e+00
-6.469063916681194737e-01
-4.722833485472683890e-01
-2.572476916716006090e-01
1.815671776591305075e+00
6.141715438548351891e-01
5.051419380679434745e+00
2.065071995175238762e+00
2.286712055183576453e+00
-6.722563680524246132e-01
1.059520265819312801e+00
-9.591017980766846085e-01
1.283758620999609024e+00
-1.100934919951554125e+00
-2.244378839418519789e+00
4.207589136107790506e-01
-1.152293928940902656e+00
-5.227040627340838741e-01
6.214348220782376364e-01
-1.231196476081720892e+00
2.182871377239615551e+00
9.870482794439648933e-01
1.439026106113884929e+00
4.377643273973857996e-01
-4.443736463995594521e-01
-2.646435713519819544e+00
2.196022777445808316e+00
-2.094169317959330812e+00
-2.464156545200157922e-01
-1.124143320211813402e+00
6.870245643998195151e-01
9.445846501313339694e-01
6.010016869306223919e-01
8.031284023841787911e-02
-9.213596071461255255e-01
1.435909107450278777e+00
-2.405160709623211712e+00
-2.663366786193940849e-01
-1.387232207751115665e-01
7.364236544785900396e-01
-2.389196876463824670e-01
2.908228355578533542e+00
-1.014838230231786209e+00
2.112893244010684290e-01
1.032178570907902049e-01
-7.244737968412745532e-01
-2.085721818695244867e+00
-2.623230170794508265e+00
5.059931244357601443e+00
-8.424381447380927534e-01
-1.300294876842416070e+00
1.690077301642181062e-01
-2.290040549544908544e+00
3.102123343369157293e+00
-2.793616454653569114e+00
-9.828098556978166478e-01
5.665167775987013377e-01
-2.280797395118507431e+00
-1.803434003376868766e+00
2.535319803114034265e+00
-4.006235488229970554e-01
2.799053448524479570e+00
-1.415555255880649455e+00
-7.991332054479016733e-01
2.603129512698183490e+00
1.916989477229403827e-01
1.084794405278968421e+00
2.472335368743426631e+00
-6.113916242022283676e-01
-1.278556014953098563e+00
3.023950628977239430e-01
-7.679270303878278359e-01
-3.958654718141232376e+00
9.118920691574161630e-01
1.932229437241002934e+00
1.558207527897285338e+00
8.416117734187563704e-01
-1.414932027327863828e+00
-5.165366630308598772e+00
4.962771250175587179e-01
-1.970876764813608739e+00
2.904103964451890896e+00
-1.871766025622937368e+00
-3.838676567694106812e+00
-2.923055124998037879e+00
1.127073218249538267e-01
-9.099780485083015513e-01
-4.028914899249811832e+00
1.356368916377414635e+00
-4.305058509643069353e-01
7.181551071606718795e-01
2.853508504940445167e+00
5.291854495651594270e+00
-1.092616450311383769e+00
-1.758756580117265989e+00
2.174092859522136045e+00
-8.278035786567368159e-01
-9.495744632405438423e-01
1.510501760618829792e-01
-3.281519961360686022e-01
-2.766504433056235612e+00
-8.067453257621511886e-01
9.599360770333076331e-01
-2.335796405488911986e+00
1.881003094244528384e+00
2.312679004051340304e+00
2.820943911506063273e+00
-5.681095970345579893e-01
-1.591883350379908801e+00
-2.120947665148101624e+00
1.933484216698287739e+00
2.719282812552130224e+00
1.251188869471397402e-01
1.399881642562710971e+00
-6.587959540508747658e-01
3.030929263989593281e+00
3.005379011787528754e+00
-2.509116392176303556e+00
1.043531875350804716e+00
6.405672798379058452e-01
-3.456335358269105207e+00
2.393193778128904992e+00
-3.517229955308756040e+00
1.515565224435524438e+00
-1.861383737324207033e+00
4.048297024220630091e-01
1.565040324392701354e+00
1.446116320005700562e+00
1.473892801089103255e+00
9.434504096993329147e-02
4.034932418383002428e+00
-3.200255524943010244e+00
-6.759217419314470510e-01
-2.528797044605310074e+00
1.961661829926641509e+00
-1.503867022096626815e+00
7.630808818501594315e-01
1.117125098148634699e+00
-2.474412567232784910e-01
-1.768511425745912025e+00
-1.230980436193882532e+00
-1.714543321474436111e+00
1.026826298054722031e+00
-8.714839289329303629e-01
1.065715978687054033e-01
2.970182340428496603e-01
8.359525354496730731e-01
9.267669116736859669e-02
2.399062589507710896e+00
9.592029996807649450e-02
-1.182296933801096461e+00
-1.943127425835754707e+00
2.112389718030660557e+00
-1.341166615357273217e+00
-1.432864433932266701e+00
-4.924382525436553082e-01
-1.338994206399293230e+00
5.596715517836116094e-01
1.431085906135798336e+00
3.154285152847939422e+00
1.780550753323129065e-01
-6.199246814802829020e-01
1.346964036779364715e+00
-8.972432114107407042e-01
-6.606882704407598395e-01
-7.694734366060083097e-01
9.520290463426910321e-01
-2.252853784738250376e+00
1.923582144330811428e+00
4.411310089803369694e-01
-2.695151682518199809e+00
-1.021596536973961022e-01
5.377203008841819454e+00
2.048230933638902407e+00
2.552644280031676760e-01
1.363849501607726111e+00
2.792020877665500223e+00
1.471854624456176541e+00
-2.538765635212687499e+00
-3.980207626511994001e-01
1.559850335684624500e+00
-1.229317799259116439e-01
-8.044547580171157453e-01
1.531573632155340148e+00
6.571602151268213454e+00
6.942681398607467358e+00
