3.766213587942235375e-01
-2.214640855229457639e+00
-2.604600330186593204e+00
-1.456179623129701728e+00
1.733151537179941637e-03
2.050437268915676015e+00
-9.409231035939618071e-01
-9.446814722953589261e-02
7.718869216231976083e-01
1.674963371144306823e+00
8.479148002987169086e-01
1.187403015370516624e+00
9.977945847451177297e-01
5.760847914404411130e-01
-1.193337007131037186e+00
8.693403343749632750e-01
3.229935875895136199e+00
-7.868247059471111804e-02
1.496439868843914001e+00
-1.145660076678146844e+00
-2.173989098171769996e+00
-1.055215544608558709e-01
1.659307614836884825e+00
1.175411014451761105e+00
-1.491351658294886029e+00
2.948527959170570867e+00
4.029103461470179837e-01
-1.107082872756856684e+00
1.336365389581459340e+00
4.663386715564987739e-01
-1.173356799778454862e+00
2.346968511724689233e+00
-1.642367839917832084e-01
3.978485221793354176e-01
-3.457968293109070501e-03
-7.134051814330955033e-02
9.839072531816541733e-01
-9.675029887012368546e-01
-4.842377377316824938e-01
1.225218507439810978e+00
-2.674800004246880580e-01
2.039842415257623998e+00
7.561363627671213727e-01
1.903764224006752270e+00
-1.890929524624836766e+00
-2.495185062425879785e-01
-1.549005505639256874e+00
1.894737114921288601e+00
3.413634814760256875e-01
-1.768138490656146589e+00
1.638979849798964383e-01
-2.426026471343746049e+00
-7.076657213906930588e-01
-1.237046843315530165e+00
2.237618974801621974e+00
8.813181190718475388e-01
2.517084394654082402e+00
7.239791835036290202e+00
6.845157048212143769e-01
-2.840201173190283424e+00
-7.126165180933590193e-01
-1.183735031641792279e+00
-4.924829833794538425e-01
4.934908219489042569e-01
-4.276675601523390213e+00
1.368944746026112824e-03
1.419115173173162159e-01
2.082582491157860538e+00
-3.297411851672252259e-01
-2.958200633590641893e-01
1.650513432786548940e-01
-1.086550120480785031e+00
-4.541615338240220234e-01
1.822412148571281865e+00
1.614517832255323859e-01
-5.014138251385354961e-01
9.620473718094983973e-01
-3.012633975675889975e+00
-1.557827115134096774e+00
1.045268280559221274e+00
-1.286700463523101634e-01
5.213327809348751174e+00
-2.623723202954412859e+00
-3.223057218336721874e+00
5.177747674996503457e-01
2.754992894219543409e-02
-8.418599349689848133e-02
-3.524244403818206806e+00
-1.023763720341890893e-01
-2.540063983391243951e+00
-2.658862014478158287e+00
3.840590085796361519e-01
7.180822074303827574e-02
9.995236620310032905e-01
8.416534643893849310e-01
2.013166520428266271e+00
-1.661772036874200609e-01
-6.416776834746147351e-01
3.693176393745627006e+00
1.371108930655175362e+00
-2.789468717075876292e+00
4.898786949715923100e-01
1.045941339397993497e+00
2.501237513868989071e-01
1.151828557003349990e-01
1.065599033193203038e+00
-7.292031811220541782e-01
1.686759632040175205e+00
-3.967101305407356726e-01
3.071113733729828876e-01
1.680377697298330641e+00
-9.766836736457173984e-03
1.456831100969186554e+00
6.308324582441462436e-01
1.978461381554098786e+00
1.984281679640438334e-01
-2.025985277860698819e+00
-1.679434452135451394e+00
-1.869594970738247985e+00
5.952621387149273913e-01
1.403156423678082465e+00
-4.911482539066731601e-01
-1.969039581319701693e+00
-6.290864009846830474e-02
-3.347291457679579807e-01
-9.861723173580548840e-01
-1.738195365416170368e+00
6.610748266552348706e-01
1.251920487414629468e-01
3.722923672804761885e+00
2.849972260509076705e+00
8.973655736902808044e-01
-1.784221486634218312e+00
3.366607267381050317e+00
-3.563255123612051878e-01
2.553304992143261565e-01
1.028053485759332863e+00
9.515707962649528895e-01
-1.212897381133167113e-01
-1.172357088045950624e+00
-1.250414171672276087e-01
6.170059869214766790e-01
-2.501188182464015863e+00
-3.999162531754480110e+00
6.117138321882203966e-01
-1.710734051315426774e-01
-3.733309859720981283e+00
-5.653189070267461425e-03
-1.773136542208012090e+00
-1.928950915574668690e+00
-6.905889526593609329e-01
-4.577631977543659580e+00
-5.837151484936873302e-01
8.315284529346393949e-01
-7.749190036782207525e-01
-8.184523837288197878e-01
6.541875851230632977e-01
-3.503659741853766274e-01
-1.224040513662283614e+00
-1.290547798384872547e+00
-6.481797350504745481e-01
7.427686422284560663e-01
3.840932548682541303e-01
-2.459405353244838555e+00
1.375258560433752608e+00
-2.715336566119103345e+00
2.128139774792847216e+00
7.017775573033473435e-01
-2.406909295896344059e+00
1.773834419132951812e+00
5.084856648674579427e-02
-6.699681338707920153e-01
-1.147232962719626048e+00
-1.293004330986286865e+00
-3.065256468560942693e+00
-3.382839424676163942e-01
8.365735744335006663e-01
1.049196652432695220e+00
-8.357790500158038816e-01
2.747747292746212544e+00
1.363421318221602618e-02
-1.153056454555489996e+00
3.397152833687348661e+00
1.189879016345783747e+00
-4.698760556178674719e+00
2.081983941206454691e+00
-9.234817864184895475e-01
7.342855497248754748e-01
1.008342682058282369e+00
4.573430818247847807e-02
-7.052305429064589237e-01
-1.065870253544289437e+00
1.599403690102686904e+00
-1.624603235017647862e-01
-9.895250619872431042e-01
7.782759840007165142e-01
1.389280768362697760e+00
-1.918075884280559862e+00
-1.148351788737243417e+00
3.353853798473202197e+00
-6.093459580155190514e-01
3.458624888810891140e-01
-2.524191190278911812e+00
-1.541176946329168684e+00
-5.905858297948572977e-01
3.723066887531566449e-01
-7.949482649119092859e-01
-1.129098107763544245e-01
1.995934807728119154e+00
-4.473100673090582013e-01
-1.119050634944525058e+00
2.079096162598959019e+00
-5.573364692602277293e-01
1.115028968379257579e+00
2.082676427393636231e+00
2.546008247045148387e-01
-3.054568488612472432e+00
2.123884349909605618e+00
1.980982326962386075e+00
2.501142383118590384e+00
-2.288387551271831910e+00
2.207912329985438848e+00
2.173062972408239091e+00
-3.514978713729848270e-01
-3.980333344817806207e+00
1.173428071158548303e+00
2.171367420538715898e+00
2.523597177373595457e+00
3.902117067305641562e-01
-7.018457172799517085e-01
4.514663509832204102e-01
-1.832710909500676610e-01
-9.976697927209783323e-01
-3.068358279254157495e-01
-1.315648393112773817e+00
6.637064555552846246e-02
9.459627263152755594e-01
-2.717506786173981559e-01
5.793959932261562029e-01
-1.697880078259921266e-01
2.617735806755020489e-01
4.329180774367669127e-01
-1.971290944849169557e+00
2.411657569059745043e+00
-1.845967600406560327e-01
-2.594567309822879420e-01
-3.380385895951177888e-01
-1.302854264762634884e+00
5.345850700811870526e-01
7.324921143027445236e-01
-4.762089875588283228e+00
1.273836284618481862e+00
1.505936437715054366e+00
-5.247223181659974589e-01
-1.860753716205086450e+00
1.272691022118377646e-01
-1.439269867302370276e+00
-2.092902620940675362e-01
-4.296896831861912736e-02
1.226493344353229320e+00
-3.112977505155919644e+00
6.441528473865899551e-01
-2.079267463018199535e-01
1.556639500867351700e-02
-3.348173209731816202e-01
