7.659192401555348084e-02
-5.583341491350943819e-01
-4.475140005216677874e-01
9.055471786502928833e-01
-8.272741447688132244e-01
-2.323218765789547557e-01
5.555330188410461112e-01
4.786129903575326860e-01
9.349583229805029649e-01
9.984059014606732063e-01
5.409892408696670429e-01
3.644873503414425286e-01
-2.399682312029678410e-01
4.117006355416856778e-01
-5.521352877957228511e-01
8.029699776235954545e-01
1.017797471772643458e-01
-4.595004677259306725e-01
2.114232139875142913e-01
-6.954372068450400679e-01
9.034336918974457120e-01
8.172226703324922958e-01
-5.725889667761980828e-01
4.568851331329264465e-01
6.413024967377323193e-02
8.011968238811331133e-01
-4.773116744979817305e-01
3.603054396059748310e-01
9.012164412128007562e-01
-3.391976554600861782e-02
-7.053768055569398232e-01
-2.653214210788286120e-01
-6.057816664657973416e-01
-1.168137548999748088e-01
-9.706931617044198823e-01
-9.261051137295739366e-02
-8.006476912607454199e-01
4.569162605804877320e-01
4.983805466583905996e-01
-8.497263500644762768e-01
-3.175347487387139012e-01
1.584664910978357266e-01
2.497137872263219815e-01
-5.576896532707320553e-01
-9.671619251484415702e-01
7.631265343973641091e-01
2.131989662941302655e-02
7.968827484021612229e-02
7.821610372115128662e-01
-7.212686819933091797e-01
6.060947133383243202e-01
-9.169235734270162475e-01
-9.017105113265158067e-01
-5.137035820254982621e-01
-8.896285293580015185e-01
2.643690996366470092e-01
-8.822780451080505237e-01
6.739703470327682577e-01
-3.707314741512113265e-02
8.597333949809877751e-01
9.528027857931169464e-01
5.833196868952783554e-01
-2.877072374627105411e-01
7.735490876825035222e-02
1.716505582205010150e-01
-3.328890416724792356e-01
9.142188282859238235e-01
-5.647450273189456027e-01
6.016047385114147161e-01
7.843925690953159613e-01
-7.334123699205374880e-01
-6.339209035899593392e-01
-9.784781490966798501e-02
7.980146144199506963e-02
-7.267890633266118616e-01
-5.462854243325379056e-01
3.862938460358342763e-01
8.157599311620078453e-04
5.530498871623901191e-01
-9.365282424057252975e-01
6.102213141172505573e-01
-2.942828677604489851e-01
8.005777424000568576e-01
-1.604668612810504769e-01
3.652442014374710499e-01
9.335932886289390886e-01
9.762014161503058673e-01
-9.517987281391808718e-01
-8.963114665165097250e-01
3.820289897347775021e-01
1.626779386951986428e-01
-6.294217740290284357e-01
-3.390728826849696009e-01
-5.170803227113895950e-02
-2.417982299011200986e-02
-4.816568481842198324e-02
-6.567174025274800098e-01
-7.734792453363106279e-01
3.863662297098027221e-01
-7.773840378350116431e-02
1.490376239492343657e-01
6.003620793197790295e-01
6.561238613822741872e-01
1.089409504594129885e-01
4.763702509352212289e-01
-4.760700440017604507e-01
1.942490346368681564e-01
-9.175173881975784429e-01
-8.239582097084747758e-01
5.181619678323490241e-02
-8.818925429137838279e-01
-5.017728712036206851e-02
-2.757446652215762573e-01
-6.541011178908702206e-01
-9.322890435845763157e-01
5.934245970427070027e-01
-4.192259660108925701e-01
-3.804691945672857845e-01
4.011608333141858385e-01
-8.676996304885411515e-01
5.175945061031317351e-02
7.455766806651553669e-01
8.992809857019221642e-01
-9.815507208318250409e-01
-7.179590920407268317e-01
3.792076311204892747e-01
-2.792678711640879108e-01
4.195515256372148727e-01
-6.780224292315768508e-01
4.313029562211869727e-01
6.541567586573837634e-01
-3.996133663162129146e-01
-9.020895479472563760e-01
-5.326175360335583253e-01
5.920026508478906102e-01
-9.471898271173173622e-01
-9.982346500027754477e-01
-7.512795111811907400e-01
5.254957288744650512e-01
6.128308065896228563e-01
9.844533806843234203e-01
-7.065200089057874777e-01
6.611333839451702943e-01
-8.389388715834593668e-01
-2.749805756828598291e-01
-7.985300992798836095e-01
-2.272259895118815543e-01
9.527865081976627515e-01
8.205440571477431444e-01
-1.769286710839981236e-01
-8.713924652993232378e-01
-3.144650705137193025e-01
-3.830328513277532210e-01
-6.416154080546636607e-01
3.083774033470629838e-01
6.189826958467692375e-01
1.038240137418904308e-01
9.222669517183290644e-01
7.446908328516910203e-01
-4.064650882902509643e-01
-4.206141195778092534e-01
-4.275123074197899609e-01
1.482642680552470615e-01
5.884619191388007486e-01
-1.224463386499627937e-01
3.741600460919531912e-01
6.959954012155120662e-01
5.521898274044734212e-01
6.501919301134440055e-02
-5.490813247315389223e-01
5.570007636681473251e-02
5.555009816711045101e-01
-4.614315287419838985e-01
6.102471050308253542e-01
2.536634059176472444e-01
3.333009639130839474e-01
8.613302139069807239e-01
-7.050450482621162251e-01
2.324875854312640211e-01
-7.556144843483751927e-01
-5.760883353715053889e-01
2.429358586937637732e-01
5.478940990265475097e-01
-3.264161138438657073e-01
-1.561607502501836109e-01
-6.395426265925505671e-01
-1.507610218844626093e-01
-7.390146745159422714e-01
7.197792025920937142e-01
-2.988078257572124308e-01
-3.216175546637585203e-01
5.576501272442322410e-01
7.711108520503966446e-01
-3.831679239518821500e-01
-8.173193581461353219e-01
6.850680168079734678e-01
-6.333460589793764584e-01
-3.764203349909940322e-01
1.581822531791703401e-01
-7.170464155161873077e-01
4.645518615627759473e-01
-6.031745495822493641e-01
8.506073072459363615e-01
-3.481707551738111306e-02
6.856741341622614172e-01
-9.600434793563459301e-01
1.609113941980455653e-01
2.598506504597435374e-01
-9.116105983061257856e-01
9.913490752797620154e-01
-5.883264448474911923e-02
4.562965062920734116e-01
3.546713403905952244e-01
8.712436668634411241e-01
-7.233295829723254133e-01
9.300703434385537705e-02
-3.457940275832442900e-01
1.065123846281212927e-01
9.995018472577579249e-01
5.610330236577096841e-01
-9.114285255840106625e-01
5.280188856342489245e-01
2.072998754278669864e-01
-9.497722860396966560e-01
-8.455716237393928747e-01
-2.895282784424328959e-01
9.175070472923383402e-01
8.260552199602917423e-01
3.128425140540529448e-01
-4.215367689585913791e-01
1.432440040002971315e-01
8.909037410171463112e-01
5.810477151148805142e-01
-6.711001564533061181e-01
-8.388469523420560847e-01
5.609845191539744036e-01
9.053533222928060731e-01
7.810440776208267266e-01
-4.648915248339873241e-01
-1.258393158896862207e-01
7.839019812199858883e-01
-1.919861812929706257e-01
-2.708828369531679492e-02
5.820948098253380110e-01
9.115479955400214163e-01
7.125754483977757570e-01
3.559812447373533750e-02
7.848456851983094396e-01
-8.833734324299538088e-01
-7.000159164610444407e-01
4.133062035838785953e-02
9.558288608617004911e-02
-6.292042322981226121e-01
-5.088723924829021694e-01
3.523942086187445977e-01
-8.879447599485645881e-01
-4.451561696051478112e-01
-5.510010428291693962e-01
2.156710705239057724e-01
2.666209890972175423e-01
3.694708594894768883e-01
-4.622402218085790437e-01
-3.478876310002179117e-01
-5.171300892752288547e-01
-4.775079491266720488e-02
