6.135174360717878805e-01
-7.101228856969605818e-01
9.922750363453913813e-01
1.329508020233527432e-01
-1.594132398116645533e-01
4.930312982812683487e-01
-6.809126283085848996e-01
-5.821847895761811387e-02
1.759481726612950325e-01
7.418977675136306793e-01
2.215919636223688816e-01
3.801929098548251229e-01
-5.668977384965749877e-01
7.577334464463214569e-01
-8.941257882004771673e-01
-1.958224135217623285e-01
-7.570346151876918839e-01
-3.766060259673906785e-01
5.118868070083053556e-01
7.605138333439123155e-01
8.172416085458864554e-01
-9.795649437607436560e-01
-5.205947005518620774e-01
-3.713513004845032661e-01
-5.189037613535911753e-01
-4.859812609982885334e-01
-4.175622618146617171e-01
-2.821572485307313194e-01
-5.276245525730292041e-01
1.763095845898647873e-01
-1.511145632249046855e-01
9.772982587547027755e-01
2.972750777630177588e-01
-1.473951331040042056e-01
3.798593047134581902e-01
-5.068843045878030917e-01
6.708799559313476379e-01
1.792479555328774232e-01
-8.906171624439405132e-01
-8.538288273941245787e-01
4.071952492409871560e-01
9.366977830294032081e-02
8.181590688868909389e-01
8.928892831249830575e-01
-2.136558576801683706e-01
1.610772956158512681e-01
2.498566964299315796e-01
7.793437617333609513e-01
-7.616885446976437990e-01
5.720482522698533412e-01
2.904555662100976043e-01
-1.502240144472719585e-01
2.898071111571103309e-01
1.269589104524657674e-01
6.452643837519680403e-01
1.618076191053121615e-01
-7.774538503174772686e-01
-3.691721708273800751e-01
-4.419776791071325928e-01
-7.368045283472866025e-01
6.058829560041307793e-01
-2.011250315413692924e-02
-5.841631435068370681e-01
2.156730173333907263e-01
6.225211139104136482e-01
1.078266648417611773e-01
6.092186579447893546e-01
-6.608613891311219124e-01
-5.011280051307043237e-01
-2.545852735663862720e-01
-7.585424245525709264e-01
9.523343216283901569e-01
-9.102457067701097415e-02
9.580899690761315313e-01
8.728825364214347626e-01
6.058397006205746838e-01
-2.138980479911989363e-01
-3.024956453486276065e-01
7.759368483065494093e-01
5.638849190115504673e-01
8.481267881748895121e-01
3.604546395096090983e-01
-7.848078801273699057e-01
-3.479595754597701873e-01
4.156899240309110954e-01
-9.795523625121227429e-01
-9.164848576116768619e-02
-6.787990074848562205e-01
6.045719729671921172e-01
2.322171490114648407e-01
-8.262088413645873874e-01
-6.164751666230943172e-01
8.497593072084557164e-01
-2.013551968454605490e-01
-4.388068854747118053e-02
2.773048215585989240e-01
-9.512508291221821732e-01
-2.867895796196255898e-01
5.017223378014459279e-01
6.380639990664793704e-01
5.436385561408780820e-01
4.552193122089200905e-01
-4.278358895511702453e-01
1.806351137151003261e-01
-3.958656969157527961e-01
4.133806141966958059e-01
-9.936460603979577755e-01
4.653833516393151015e-01
3.242893920126916907e-01
3.653628091809462131e-01
3.664470692177317357e-01
7.282298300141418768e-01
-1.244075051623094730e-01
-4.086730449184658998e-01
3.276777779971793425e-01
-7.157738745099622157e-01
1.613021081684660185e-01
1.925123399817361136e-01
-2.894329551234573472e-01
-8.743613527086546711e-02
2.290970175827886646e-01
-4.258090864161678812e-01
-2.485829779517236826e-01
-4.988909282703812842e-02
-3.039791157790898701e-01
-6.338436344157187818e-01
4.764468769263263681e-01
-5.798802119305483949e-01
-5.007653959696036772e-01
5.628478050250980136e-01
5.130824814631742559e-01
2.504721120482278351e-02
-7.755419419176556861e-01
-6.467741978777103995e-01
-2.887253243950480552e-01
7.694551960442019833e-01
2.834628687239029166e-01
2.857126909932183878e-02
1.096559800382888028e-01
-3.113636067302221200e-01
2.936915288231953802e-01
4.421234649217862245e-01
6.449084607036423833e-01
6.653981051789426004e-01
-5.065476558280734842e-01
-1.085576367816563081e-01
3.579892066818748386e-01
5.820511472652909468e-01
5.778717230129850613e-01
-6.838689370047064120e-01
-6.594649490916453249e-01
-1.795889750790788941e-01
-8.159339328541341807e-01
1.843348501836494790e-02
-5.022064307330420529e-01
-1.139861194959230772e-01
-3.086862735066826513e-01
1.449549908603451343e-01
8.058772453445781636e-01
-8.037465239187862043e-01
8.831575208797923793e-01
-2.096143911634595902e-01
-6.647451949340128508e-01
-3.231081458059603673e-01
-9.398512639335425689e-01
7.068295735354284126e-01
-4.721051356126051424e-01
1.672856868916627882e-01
2.606519511366847119e-01
-4.338958910315975359e-01
7.423797584682207962e-01
7.973052894663730239e-01
-9.564016693856820517e-01
-1.600757515040789336e-01
-1.654627402156014782e-01
6.824008415083591128e-01
9.879627735420473122e-01
-2.390409165028186678e-01
-7.440536944326261448e-01
3.978877124257815812e-01
-1.555735720102311426e-01
-5.193202880711909053e-01
4.448447722315240771e-01
5.314145555475822125e-01
1.261565055133915259e-01
-2.100210620588642829e-01
1.152373321740776113e-01
-3.605336545935349246e-01
-3.830365276522522677e-01
3.027901240150565609e-01
2.469725057842160343e-01
5.645861545890031863e-01
-8.100279637171303726e-01
4.278707670242449801e-01
1.209900918183524077e-01
8.429863065212592765e-01
-7.918927637401431685e-01
-8.828448510866289123e-01
-5.578612929160831069e-01
-2.208400199231175254e-01
-5.152805874291588317e-02
-9.784862274739085652e-01
7.941889708392171343e-01
3.255781234923096346e-01
-6.547821940829634535e-01
-1.859816059541401501e-01
3.143341534311121510e-01
-1.396368311311866339e-01
9.952253782494961953e-01
-1.123620279987469495e-01
-8.098331822890925125e-02
-7.674449880128197954e-01
-9.901230942902510268e-01
4.806893195641521732e-01
-3.218023747969342985e-01
-6.752282986140387688e-01
2.723857682026475935e-02
9.256415867531411212e-01
3.660705970283972821e-01
5.045681200681095824e-02
6.472641078633039058e-01
-2.040605134468811421e-01
-8.343987748464964938e-02
4.547862794729327085e-01
4.512975116280539822e-01
-6.220949311168086915e-01
-6.254569370960281205e-01
-3.631925574381575927e-01
-7.351894413698436548e-01
-4.136843995057271073e-02
-5.974298954737893297e-01
-8.956047053494231580e-01
3.536298958141885773e-01
2.284757328261974862e-01
-3.239454363352090027e-01
2.471380793399369225e-01
-1.215053952603932785e-01
-9.954813279192107345e-01
8.772949964922522881e-01
-7.588141977375906233e-01
-1.824149580953815519e-01
5.822938505932240272e-01
-6.225519243425012839e-01
9.935585165401494834e-04
5.913958461417969659e-01
-6.440951119593418817e-02
-4.649221371694571836e-01
7.671917316553054089e-01
-6.821649988164619760e-01
7.503673874860115056e-01
-1.845295901265364691e-01
-2.196399965457973558e-02
7.403954268442296538e-01
-2.958127579737723778e-01
9.373066478313818450e-03
8.594346765358120699e-01
-2.448494654544111082e-01
7.122939744399889861e-01
-1.444401153490542100e-01
-9.210276135461872293e-01
-5.781925055014009995e-01
-7.877720851808014402e-01
4.562540122493776718e-01
-7.226910790311695809e-01
-5.975909728626880302e-01
