-1.530607451353991344e-01
7.520944957734476688e-02
2.741847450132637309e-01
-9.790708180941583016e-01
2.537468691604753968e-01
8.774841860274664729e-01
5.654090931091515504e-01
4.894730979039760843e-01
-7.857206753954819600e-01
6.141248786289870143e-01
-5.657715305372779113e-01
5.347539054597805208e-01
-3.735035692099923921e-01
9.562970991508623619e-01
2.595616886978544535e-01
6.966628789485489470e-01
-9.889582391909286230e-01
3.043569276801851853e-01
-6.916309407568035361e-01
9.874117881679689290e-01
-4.323447295830711301e-01
3.380673905357767239e-01
-4.995759369725176757e-01
7.863357163017166140e-01
6.187775191150988174e-01
1.512223398989842593e-01
6.188741883405008970e-01
6.511738900368300165e-01
-6.432579712174464337e-01
7.253999220239575330e-01
8.598070663863208729e-01
-5.339366241943779290e-01
1.381067950484322626e-01
1.963388837281341281e-01
-5.901300609916382278e-02
-8.929036001654544474e-01
-1.254702267207135069e-01
-4.908582032351473945e-01
-2.955635134919647466e-01
-9.096143027314029794e-01
2.373593748919053947e-01
-3.752000675892086523e-01
9.320708502182286637e-01
-4.056006849982951579e-02
1.818661072401459577e-01
-7.602828856476222530e-01
-4.451242836479825105e-01
-7.282267826924668785e-01
-1.400560244723378922e-01
-1.104996103992073042e-01
-7.609581908766476221e-01
-3.236821348169802715e-01
-5.967443725961611989e-01
5.362060529767371797e-01
-9.959332508824847441e-01
-4.958332311516164825e-01
-9.986450292505490989e-01
-4.621465600364202952e-01
-4.277102014450051559e-01
-4.344771184165097111e-02
-7.870477781608076207e-02
8.812077076602484738e-01
-8.004049731032303328e-01
6.520079096962905219e-02
9.254461446851063311e-01
6.206730466462584417e-01
1.074685345531920522e-01
7.686711701557109588e-01
6.437228788621194298e-01
-9.047544568816090482e-02
3.586603049091807716e-01
4.227632091285835614e-01
5.182924382941829222e-01
8.394289525935922924e-01
-9.644081046946295643e-02
-2.078436654463500233e-03
7.083301512064446026e-01
4.913945553142125000e-01
6.428254056573363684e-01
-6.508526705602526441e-01
3.759220049248248596e-01
-3.507884530459217665e-01
4.467115566189572284e-02
-6.404545448303722299e-01
4.365846086659530556e-01
-4.690984295707671947e-01
6.891463024139417026e-01
-6.493770051677372201e-01
-4.994032149680485144e-01
-6.847766581076053516e-01
2.799517678108702778e-01
8.850433195745790460e-01
6.821741954920961248e-01
4.400633175637103101e-02
2.600413556964293882e-01
-2.697507151882623244e-01
6.148597293579591838e-01
-6.327320186090998888e-01
1.992341884569286403e-01
9.519100495612922153e-01
-9.292602990726293033e-01
1.995844858973796487e-01
-5.614728690682690981e-03
-4.787181461130329829e-01
-5.396456306917736256e-01
-2.373134639066802887e-01
1.047357731619040777e-01
-9.237404698288638194e-01
8.150810212927288578e-01
-8.751765911423041722e-01
-9.079626980426982463e-01
-8.652557953585169326e-01
3.450001093587282686e-01
-9.949079970546481633e-01
-3.153101425941149394e-01
8.692180326070055862e-01
-4.630164894583099766e-02
-9.453562534598347611e-02
1.533620825885562144e-01
-2.515616753778955328e-01
7.993974595283979134e-01
6.902726154337903708e-01
-9.386664077976392129e-01
1.896296593213515624e-01
-4.505372180779787517e-01
2.972574611601241923e-01
7.296166160061170469e-01
-7.655536997263534538e-01
6.331765275728211684e-01
7.332317871254401265e-01
4.673728761010111921e-01
-5.691475392858302840e-02
-9.359122941480966240e-01
-9.384197982803983429e-01
-8.655723873387470846e-01
6.927746638069003371e-01
5.389523822479167503e-01
-1.376519761998675762e-01
5.923396710265018683e-01
1.226878887618199077e-01
-1.085669136644411559e-01
7.832061711020201766e-01
-8.396903441670289236e-01
-5.420625702844654725e-01
5.443494291939414698e-01
9.106595744411483118e-01
-9.584143016744077759e-01
-7.444057298662021260e-02
-3.896652300816909609e-01
-3.529426030027158490e-01
-7.225078816728565112e-01
4.387861333977391975e-01
5.538798041332133604e-01
-7.387466445766039946e-01
-5.045743502482640253e-01
3.038905337587118893e-01
8.230258003983892401e-02
-8.553190639841972143e-01
-7.592331995898180530e-01
-2.583061599136533548e-01
-3.542845502095255394e-01
-4.982017620455705398e-01
4.198608632588249900e-01
2.186309622413202813e-01
1.320211225607725858e-02
7.908361097912546267e-01
-2.004784670901325061e-01
1.725772799383631373e-01
-5.221452725725279631e-01
-7.278358173499135386e-01
6.701663116653460150e-01
-6.247650452026911605e-01
8.462934211942019225e-01
-7.849282727619066868e-01
-7.670609605775431383e-01
-3.293093220667586696e-01
3.186195566445597649e-01
-9.853054013758120178e-01
8.630474455012691060e-01
2.800572499015352435e-02
3.485820578664664549e-01
4.595105278013511541e-01
-7.671258502385793765e-01
5.595546736889664974e-01
-9.318072312366667553e-01
-7.972724722075927861e-01
-2.286691790462429541e-01
-8.209536021406780293e-01
6.826091840096346619e-01
-6.562520351499840920e-01
-1.612301979351786763e-01
-9.575130661071611371e-01
-7.804722825457282021e-01
7.389398910686535427e-01
-7.513358989438521096e-01
5.607545515486946908e-01
-1.823642449744378169e-01
5.635031431437318439e-01
-7.937847149472254671e-02
-7.138775386664248934e-01
3.709077236334226146e-01
4.822579704597067529e-01
-6.891787610658348662e-01
-6.579285578060594109e-01
9.322084666097181227e-01
1.010028682377184239e-01
1.227614226488509264e-01
-2.337507405368959290e-01
4.667822828078445063e-01
-4.542373816495082206e-01
-6.197212463983021724e-01
-4.982053344802017669e-01
6.060116015099359377e-01
9.200079090149442251e-01
-6.532096671471827598e-01
-7.383488216486973066e-01
-6.358841411486881867e-01
6.995059033562025519e-01
3.990621657524890953e-01
3.158703016769959238e-01
-7.424185124431279537e-01
-8.272863870890689864e-01
3.860183049236542985e-01
-2.593427234761980227e-01
-1.565392695170360060e-01
9.224931513119711823e-01
-1.173994289025808158e-01
2.996207749248067653e-01
-1.543310095588663611e-01
3.232994713509673712e-01
8.430317981763788548e-01
1.075996018957552369e-01
5.271038698225800623e-01
-1.549832640793915584e-01
-6.194051374901616835e-01
-5.478598084202410679e-01
-2.422177518553207953e-01
-8.763027354240009448e-01
-5.701544515129242097e-01
4.852289450488309619e-01
6.000157397738099530e-01
2.711823923893392774e-01
6.415501032124255598e-01
6.838284454966616632e-01
-2.365813762728421477e-01
-6.897492516301282350e-01
-6.276521099888250355e-01
7.871310904849173617e-01
-3.965158294859310040e-01
6.452083197498965639e-01
-6.571061384487038026e-01
-3.500969404325273704e-01
9.646105107232085807e-01
-9.591455351496485093e-01
-5.975987705385157334e-01
4.682048241078122786e-01
6.743996450970310974e-01
8.480834912498447231e-02
8.189442523786703010e-01
3.500080296870289320e-01
-9.876698117837681146e-01
7.460672539294119776e-01
-1.611883386877193125e-01
1.097950965350167341e-01
-8.603815272898804878e-01
