-2.694312883150964399e-01
-8.248683363980930938e-01
-4.164164947650648152e-01
9.735196166187676248e-01
6.471705031099563854e-01
3.150603285945696719e-02
-1.228042453512816490e-01
2.732772136086345505e-01
9.852755432215791753e-01
-7.437782283376594972e-01
-7.383458710571135786e-01
2.338461388868147139e-01
-2.008560809495310018e-01
8.249222890628908900e-01
7.160697210461943740e-01
7.681392737513226265e-02
-3.353553686319548088e-01
1.650861595584176555e-01
-8.199391123021624317e-01
1.404164563785426090e-02
-9.481222580410355594e-01
4.542162010911885428e-01
-8.049575363631353841e-01
-7.909464835082440359e-01
-9.776540975213499074e-02
7.111889389028083208e-01
6.497668124725781702e-01
-7.026084801260163992e-01
4.038079210053151513e-01
1.744067005045946139e-02
2.668549940501765416e-01
5.159631024024293744e-01
-4.582237445333994241e-01
1.565450770621441556e-01
3.090404177566230537e-02
-6.293947504728569786e-01
2.595591441615132666e-01
7.234361352892615393e-01
1.178709693371198242e-01
3.287573459898052164e-03
2.162874664239278211e-02
-2.973132095577031286e-01
6.525103598477877132e-01
8.809395405252176126e-01
-4.240408183532069497e-01
7.465174737437758612e-01
5.572610952990191269e-01
-6.673171654178797763e-01
2.626605645460602378e-01
6.576082369867441990e-02
-2.609362418809755280e-01
1.003005813243718070e-01
-4.993873971140021517e-01
-8.498684527517850196e-01
1.599808133838069857e-01
9.799459481443841824e-01
4.405900414808168186e-01
7.953591521310254819e-03
2.404288673866217252e-03
7.688304735950453050e-01
-9.186882953925037398e-01
5.215366453160728000e-01
-1.959970968998276941e-01
-2.532772328150305619e-01
-7.308634756507448316e-02
9.567751376548139230e-01
-4.962633483659903977e-01
-6.485745162941500830e-01
1.985000150003277675e-01
-7.978594767042463953e-01
-9.229644639958107799e-01
3.036499612631269329e-01
-6.043973891190934644e-02
-7.823637269448011633e-01
8.411811634110930580e-01
8.900307050949554100e-01
-6.298540929717080239e-01
1.750104489624069171e-01
7.750016596212709885e-01
1.484358318679468436e-01
2.516162465346003518e-01
9.606478247549172789e-01
-6.238519887151356969e-01
9.562122079332397995e-01
3.821069829469909696e-01
7.557630854213379656e-01
1.963320500037735172e-02
1.411101925593409856e-01
5.708817969709749640e-01
6.698509617968950725e-01
9.401585040844790964e-01
4.948738894797770627e-01
5.940954207131623477e-01
-9.388329157901997846e-01
2.843922337341895368e-01
-4.609856468632547166e-01
8.571769501998538487e-01
-7.565451169436927525e-01
-3.507742465677852195e-01
-7.656805603212624156e-02
6.530704035710885869e-01
1.864431927915723985e-01
-7.130643792672965997e-01
-7.576778190348416597e-01
5.415773884894325985e-01
7.643526409616943074e-01
-3.625069840327805881e-01
4.141804097050338918e-01
9.327707107332636749e-01
9.550753278030486015e-01
-2.411498616292173658e-01
1.852899822163927013e-01
-7.113539374032638030e-01
7.200485429276723970e-01
-1.547182983534480805e-01
-3.356333334803700552e-01
7.983750044871611440e-01
9.562906013638354796e-01
-5.440943808907536816e-01
2.247345836923713147e-01
-1.590312479214284203e-01
-3.810114132666502229e-01
9.412967742517013292e-01
-5.216157692103173815e-01
-9.329573250796863171e-02
-7.876612566952352346e-01
3.907467763140715089e-01
-8.439421921564607132e-01
-4.856648549860465014e-01
1.755441996306017494e-01
-4.214042464992673320e-01
-4.650229729166943660e-01
-2.232868351290369091e-01
-8.697979635536512433e-02
-6.956893406775737088e-01
-8.621383434144618274e-01
-6.232418178233476436e-01
-8.081932696208240507e-01
4.787302616745257033e-01
-7.196703180990748905e-01
-7.693036811716196244e-01
-9.131084168174874449e-01
9.629042066555153490e-01
3.215888838552654061e-01
-7.479534109032865974e-01
7.663155628645006434e-01
4.077839404678029744e-02
1.137469198456984021e-01
-6.640169728579157216e-01
2.326704563966566219e-01
3.138561856325325916e-01
8.353740412123824566e-01
9.135724830602147684e-01
3.353851689020945770e-01
-4.812343534232366160e-01
-1.436301930324910270e-01
-9.648983437610780811e-03
8.334400924675233746e-02
-4.087811965109515722e-01
-8.191814028834287775e-01
6.379194359433300043e-01
-6.933374026886249819e-01
7.091754667767737885e-01
8.276554849256594348e-01
4.183319025846472528e-01
-1.421045355040506664e-01
-6.953526224847264015e-01
4.171868281526736055e-01
-8.465087234814221429e-01
-6.757262580025744647e-01
3.652899547332677521e-01
-6.414157586388318233e-01
1.420838421630672421e-01
-7.164333087204921569e-02
8.137068399474525204e-01
-8.210393183231528003e-01
9.358493073022655651e-02
4.218832152762765908e-01
-3.141642490618388184e-01
-8.674065509815105379e-01
-3.091082495178296696e-01
-8.046812907026774653e-01
-3.574643992511019608e-01
3.909647823066140226e-01
9.184459019229691545e-01
6.766008208112630484e-01
1.723551273320886867e-01
-1.806030388522872343e-02
1.511632236054210043e-01
8.205879599475089936e-01
7.921246824195291580e-01
7.662485464627559750e-01
-8.958118108122647971e-01
-5.107579047360342184e-01
-7.339817701247730586e-01
7.272303884373263472e-01
2.216296389535516997e-01
6.271399253088387749e-01
-9.800252127621478238e-03
-2.359355390721151746e-01
5.213916105752995911e-01
-6.187139669508303630e-01
3.115328476987362372e-01
-9.155090950981317199e-01
-5.999962783144006107e-01
-2.281234939716012544e-01
-1.341078790390453079e-01
9.634879615281812804e-01
3.331391720997232131e-01
8.750295259166289696e-01
-9.913661260764088379e-01
-7.669648585785642236e-01
5.733557561208590947e-01
1.682750086640807385e-01
4.586892610252508717e-01
9.381075065447561645e-01
4.366811167062034649e-02
3.112843058563714571e-01
-2.527620186548278358e-01
-9.968552034037603260e-01
6.275591015214099233e-01
-6.945397040475165262e-02
6.718038045247638479e-01
-1.726688173768637924e-01
-1.732497916055031340e-02
5.905411740440418278e-01
-3.130788928227596912e-01
-7.871796776477522073e-01
-9.500520877931579733e-01
9.800934137796746271e-01
6.954200593018255994e-02
2.193545411509385534e-01
-2.523229262669992590e-01
5.741637035739508566e-01
9.212157014328743454e-01
-9.944105628249362283e-01
-2.868773738876417845e-01
-5.351822787585158725e-01
9.431144572534215786e-01
-5.994772346486190173e-01
-5.008851726815517491e-01
-7.153744852057497550e-01
8.727382829661853858e-01
-2.457895722292409157e-01
-1.060257940975306568e-02
7.812340680294360684e-01
6.654834000920628601e-01
6.556512506554030839e-01
5.222845167129097632e-01
-1.439634211892357740e-01
1.093504997556677960e-01
1.995485666682110804e-01
-8.499823608996093238e-01
-5.425540268314597014e-01
-5.948136471698279859e-01
-8.479668641534860996e-01
-9.400633517094527658e-01
-2.731011136143952633e-01
1.244036564579602544e-01
1.142099772527163104e-01
1.857718070662863763e-01
1.360954446056397149e-01
9.986111876838563717e-01
3.458341655118399860e-01
-7.241443522154162871e-01
