1.955752044303524784e-01
-6.925884782447822019e-03
5.173517238411060593e-01
8.743766167575433013e-01
-9.644708128923151769e-01
-1.792252000721701322e-01
1.522253282322312273e-01
-9.500485182344613477e-01
1.825266707344666006e-01
-6.785922007520792665e-01
-2.999309981074131937e-01
6.156318628943719951e-01
-5.555843310959529546e-02
1.713953009819357831e-03
-3.520973203677200125e-01
-2.761817341044463525e-01
1.932504850825207399e-01
-5.322500718512159779e-01
-8.402454083852117783e-01
8.230908329757595787e-01
8.518848073960469947e-01
-5.819816461190017165e-01
5.256242100687062990e-01
-9.347854796095984575e-01
-6.320122021046736815e-01
-3.302341296911308621e-01
7.457593324951170555e-01
-2.625850754630618678e-01
7.801379359409730263e-01
7.468585936165306194e-01
8.216692501950801919e-01
8.249415997285058921e-01
-7.768753508239936156e-01
9.288685637761429081e-01
-3.949773745918288004e-01
7.311537817795730199e-01
1.796854372843179615e-01
-2.297971691546130124e-02
8.388762892860559539e-01
6.062620082997371984e-01
-4.355371369379450464e-01
3.221285064039101087e-01
-3.958852775479038133e-01
4.234469277124761621e-01
-2.934878358845647295e-01
-4.628121727952323461e-01
-4.015571276041223214e-01
9.762602012039156563e-03
4.979520326580866296e-02
-7.073303746591916852e-01
7.948506904349497137e-01
9.545140579982878126e-01
-5.278744440619462797e-01
2.500037294188146575e-01
-6.410961594136350694e-01
-5.311655881055286077e-01
-2.376495559871558694e-01
-7.859223791783074287e-01
9.775908181763282023e-01
6.979273020407468220e-01
-4.975445108032332531e-01
-6.048355434401699871e-01
1.801129118121529427e-01
7.643573036371622553e-01
1.894414092046063924e-01
-5.745103864742902022e-01
-2.592492366837073625e-02
-1.972996080768558702e-01
1.782903203802963521e-01
2.418558731613800195e-01
-7.289285625603836305e-01
3.061928005133314201e-01
-3.090216395224782975e-01
4.099256989565434051e-01
1.202896130042274692e-01
3.418992907240774315e-01
-1.465507945513757626e-01
7.222880610247006672e-01
5.276039416830133888e-01
-7.895431867117985725e-01
-7.245138489058988718e-02
-3.636503176036676166e-01
-5.808711750407935526e-01
-5.036865932224920961e-02
4.109913226918049389e-02
-9.903065897990681599e-02
-1.053913736299363357e-01
2.348147800536524166e-01
-4.570176968029189268e-01
-9.380202443402259060e-01
-9.795605118053927196e-01
-5.066163022971323926e-01
-1.807775174615162683e-01
-4.461661409245523124e-01
-8.490553607307582684e-01
5.758869859692170579e-01
-6.700325841317016362e-01
4.799993040488272911e-01
-2.898375447725713983e-01
-7.657864500640945149e-01
-4.372897351489735129e-02
-9.681409674408458788e-01
1.367272917039721314e-01
-3.825399195235221761e-01
-5.932448506779888220e-01
-8.375209636916720601e-01
8.816319491881579040e-01
9.260219480162446004e-01
4.155073124206212221e-01
-9.272400583066620072e-01
-6.263227558525195082e-01
-7.012707332048551123e-01
4.650693475653298048e-01
1.444898437526001000e-01
9.270332775504972478e-01
-2.451776842449784333e-01
-7.087298507781298884e-01
-7.447153164138304859e-01
-1.766849196435338332e-01
-2.267676330198404866e-01
4.443931146939990029e-01
6.243187471031943492e-01
1.095383732154757706e-01
-3.926479657353141306e-01
3.425611445755574191e-01
8.679772124917892739e-01
2.541615480309526998e-01
4.679712901909474088e-01
5.357543466204717220e-02
-3.628797614258205684e-01
7.989350241028754240e-01
5.254157596276967102e-01
-3.498238205190391525e-01
9.838436366129186261e-01
-4.535741199338183538e-01
-5.962282152101849864e-01
-6.658307846448274780e-01
9.813627033433611757e-01
-6.729820647563127256e-01
-1.138402632613968457e-01
4.665334130424658721e-01
4.761250751459431552e-01
1.265665490654737102e-01
-3.069420610235222835e-01
-7.776649733649665386e-01
7.400502235397139472e-01
9.339451972591259477e-01
8.915435559042952374e-01
-3.558657280190160588e-01
-5.212233257127294461e-01
9.052530592039977897e-01
3.686162339198504334e-01
8.624510320470069047e-03
7.839224636523201006e-01
2.066365829354332995e-02
9.287283764171734290e-01
-6.215960744000836868e-02
-4.127722607032362490e-01
8.391277392352793907e-01
-9.605572659545373870e-01
-4.950639861171461931e-01
9.931709739094245482e-01
-7.357112376586629754e-01
-5.361588463180066988e-01
5.937435287582200072e-01
-5.214370267130135073e-01
2.975433777816116621e-01
4.071365358372265320e-01
-3.256694818628085297e-01
-4.552496040651474729e-01
-1.657253195254153599e-01
-2.606816789546246849e-01
8.564506275995711349e-01
-2.220932073490895498e-01
3.700006334612191417e-01
-9.755156038201411306e-01
2.216884557372515996e-01
-3.047520004795711834e-01
-9.556065896636738444e-01
-7.075098588029671287e-01
2.399756360650484588e-02
3.847212314487997720e-01
8.438388185096337146e-01
3.849369605371819603e-01
-5.601343176164503834e-01
-5.097923449700303422e-01
-7.004829638102294531e-01
4.563676061609900358e-01
-9.091558379742483709e-01
9.125326697812945476e-01
-9.168659248382300397e-01
8.724002033299200765e-01
-5.973493191897771837e-02
5.228936970501156800e-01
-6.810836150098489306e-01
1.187786598318973930e-03
9.707839851728428116e-02
8.223015418477908067e-01
-6.597345347376351032e-01
4.691011942684479852e-01
-2.317552682862091817e-01
6.585205730523995271e-01
-5.763291133674459665e-01
-1.504383423824751098e-01
5.154817179725068588e-01
-7.744018693913081730e-01
-3.117480656002962203e-01
2.641383481935590805e-01
9.150679603184044275e-01
-6.622009275899249925e-01
2.752833016996960591e-01
-5.297096560980087965e-01
-2.607412604591117233e-01
1.280466091390262129e-01
7.944711840693043925e-01
-6.195705765208061599e-01
-1.479756411089661050e-01
5.267131075949873509e-01
7.920980511977118166e-01
-1.399465856958963528e-01
-7.609945943791138756e-01
5.920848773014657507e-01
6.627480940118333219e-01
8.089330954061093593e-01
-9.891550696581874469e-02
-3.658343201290408242e-01
1.644983700447115726e-01
-2.049349793122199337e-01
-6.612616514540159418e-01
-7.598009368144511555e-01
6.632725005720880862e-01
-8.364791597568963510e-01
-1.216041458814822729e-01
7.057601413944758484e-02
-8.062307132928054898e-01
-1.858955275308584731e-01
-7.211476717825484606e-01
7.862547222517910495e-01
-5.970907159751162041e-01
2.191553338577161281e-01
-6.432830513061122968e-01
-7.785525153900629824e-01
-2.470810270258483321e-01
9.164045436882284346e-01
-5.527738009537206398e-01
-9.617858104034424649e-01
1.076557919897320748e-01
7.924643445956649490e-01
-6.041955935298486402e-01
-3.191536928644618243e-01
5.334589992475575748e-01
-5.742871026242388766e-01
4.410134866230579487e-01
-8.669078395834310946e-01
-1.269289764231518181e-01
-5.879929459303046002e-03
6.627757297533631853e-01
-9.319955999743505526e-01
1.544202459790271487e-01
-5.647462073402333971e-01
7.334315502940165210e-01
7.639037545225502157e-01
-3.659852943981474205e-01
-5.843081182890159653e-01
6.617366616972171212e-01
