-3.966417364007255308e-01
-6.205447162511634751e-02
6.193972384876673676e-01
2.526015389734199701e-01
-8.176389412458129335e-02
-7.191926250350315630e-01
-3.200526799272773726e-01
-6.923241447181121000e-01
-8.907106363075878441e-02
9.888403376800813938e-02
7.556423707512869292e-01
-1.133543988267373681e-01
5.782905178226755982e-01
-4.648667745883463542e-01
5.011240671545382774e-01
2.351347270689008173e-01
5.275280356754066258e-01
-5.381827115788631044e-01
8.249916431478372392e-01
5.768598342769666321e-01
-9.413780232933384173e-01
2.765095875045724405e-01
6.763155583049877961e-01
5.548655592566633654e-01
5.809101172776944821e-01
2.270426655728932097e-01
-1.464020221480812900e-01
-2.195978980182866636e-03
-7.494353996202416379e-01
-3.298098489237311082e-01
-5.529051162536331443e-01
-3.039534022752363729e-01
3.279917893623975900e-01
2.495223462289231087e-01
7.669996154028149160e-01
-9.149748042693217620e-01
3.756929947684934934e-01
6.191822491066605316e-01
-2.641784293846431986e-01
-8.182545835111125765e-01
7.646848582713194897e-01
8.403574261363773168e-01
-7.230928754040366613e-02
-6.704932440988997655e-02
-9.692970874765132194e-01
-3.993405227099291466e-01
-8.094348489651794765e-01
2.383770705700267722e-01
5.644857312020066242e-01
6.107296808369706564e-01
2.323137637696857105e-01
5.614037098992390451e-01
-4.287275943384567523e-01
-6.251507834262211016e-01
-7.020650659085811984e-01
-6.877181593905299373e-01
-4.418658584431451875e-01
1.115650230779676733e-01
4.023472314226690383e-01
-5.506826740459915825e-01
7.369054997272221907e-01
-2.970534952295627029e-01
-3.054491612195453509e-01
-7.556836173882228724e-01
5.422836950647813570e-01
-1.039665737665391720e-01
-9.371275191839938401e-01
9.940187475129482753e-01
-6.069590357806879943e-01
-6.824506735490130094e-01
6.688921893603732016e-01
2.434493750110175991e-01
-1.061669688069899475e-01
-1.576310052084235469e-01
-8.284082302844830714e-01
-5.890319723424384257e-01
-7.816275070413598591e-01
-2.085894570486679367e-01
-1.312451117638535614e-02
-4.337881544879722551e-01
-1.537189158830236657e-01
-4.551749708329568822e-01
-4.516791803316488885e-01
9.890258176256649936e-01
8.328802006447031392e-01
-7.993170284052715235e-01
-5.780031761215753683e-01
3.386818359147800717e-01
6.242171648516772198e-01
-2.441224286723080450e-01
4.178099084246444939e-01
-3.147573148386688668e-01
-9.349930764600316024e-01
2.065879668401984226e-01
-9.782218628634158364e-01
9.489867603500699023e-01
-5.050226351491748922e-02
6.018122163200336772e-01
-2.839217790475412340e-01
6.069827284002773382e-01
-4.557177285869395966e-02
1.821944191200148833e-01
-5.535862823267072574e-01
7.909955141515248034e-01
-5.633343747336740925e-01
-6.502154723103008571e-01
9.981171245305076045e-01
8.689701325702050561e-01
4.037533279236127370e-01
-8.442279875094389485e-01
1.062108640141443683e-01
6.154099077166419463e-01
-2.137455872263445134e-01
9.074100189300251529e-01
-6.267593867133394170e-01
-7.951756668477141243e-01
7.796566210001401043e-01
-9.336930891473367300e-01
2.878995747063064492e-01
3.474315526413322974e-01
8.819055374917577073e-01
1.861359266629516451e-01
-8.139131125892351548e-02
3.787020439061121735e-01
-2.766231577322519897e-01
-3.722709801256505191e-01
-6.706296052584066469e-01
-9.948695933472890829e-01
7.460290811642484865e-01
5.534991778142523966e-01
-8.558494545485939575e-01
-8.434726616052312664e-01
-3.800161121778187212e-01
5.487733980272060386e-01
3.233455967464720082e-01
7.143696053875083773e-01
5.642536603162513487e-01
-2.466341954768558331e-01
-5.150635371961516107e-01
2.173262956669859136e-01
5.178798735291101352e-01
6.779205633169658185e-01
-5.011053414187027766e-01
-3.104350200923164937e-01
-7.961778375098242932e-01
5.431003508230447530e-02
-2.873026129232068016e-01
8.763263762732564910e-01
-7.562275066151564751e-01
-8.348915941040111477e-01
7.930324406020257122e-01
-9.307673027102751906e-01
-7.529124679324368241e-01
9.639890550768712707e-01
-4.383804055618689688e-01
1.307867722778244257e-03
-3.901265414870134229e-01
-2.583436102428247061e-01
-4.288812618177835212e-01
-1.263893459051912416e-02
-6.330542098839135878e-01
6.782512507230713528e-01
-7.825372768860128225e-01
2.428900333908312614e-01
3.755218056704112684e-02
-8.867483096642918561e-01
7.693952670822672424e-01
-1.968062630431954840e-01
1.723170714353312594e-01
-1.093227586959732989e-02
-1.031438797702666221e-01
-3.458052582961266275e-01
-1.946713914448561233e-01
3.186005873800754618e-01
8.342243891171752246e-01
7.194490993826851977e-01
-9.448553575288702877e-01
8.961205449415818869e-01
6.187719574722101434e-01
-5.865664705134210344e-01
-1.711071809762094720e-01
-2.675112749496699749e-01
9.549464944872556593e-01
-8.433894017057597114e-01
1.949871949031545260e-01
-4.292094458550341773e-01
7.293921569823207385e-01
-7.974662256258580051e-01
6.018487872806599359e-01
-3.653361092589297865e-01
-6.566112515982651665e-01
4.216533039815169026e-01
-1.338663477235217947e-01
-4.395816747484415643e-01
9.681487336063168136e-01
-9.359259486066109357e-01
2.954581403620504254e-02
9.398408108271201211e-01
-3.587953200833842171e-01
-5.109934762769889893e-01
1.757909881452923706e-01
-2.127751358739853327e-01
-7.820580678797233176e-01
5.387419211925528195e-01
-3.846056607301850949e-01
-6.196612705763651086e-01
-3.945805862178068946e-01
1.537988051141196966e-01
-9.951677028710426143e-01
-7.399390425706213748e-01
-7.549844369544420619e-01
-7.683060766342275638e-01
-1.788415986444900074e-01
6.913393343060381113e-02
5.683202782781999751e-01
-2.713365931036668677e-01
3.517684832038936449e-02
8.313390522249448633e-01
9.342832199231445589e-01
-1.901169412596255270e-01
-6.117848866039272693e-01
-4.335237341832698377e-02
6.025864240534462013e-02
5.580235196179410551e-01
-3.744750959069704788e-01
-7.902985169924747755e-01
-5.291119451841341803e-01
7.962893898709801910e-01
5.376504363874530235e-01
8.546792110242258378e-01
-3.090952255672829718e-01
-9.029088553508302084e-02
3.829844173177834321e-01
8.277494983839841503e-01
9.402800033075850994e-01
-9.511012140690675576e-01
-5.919719669514793559e-01
8.097302398114638589e-01
-1.551520768042498055e-01
5.413655683661211526e-01
8.686309832048231261e-01
8.575773511807596172e-01
-3.259363951253755332e-01
8.156586142528512440e-01
-8.373587581409955849e-01
-7.905243955426732860e-01
-4.393433261334083184e-01
6.652951920845546763e-01
-2.630263697619561469e-01
-5.119373188224631832e-01
9.781910644854259207e-01
4.760022618551347229e-01
-7.397971834449894590e-01
-1.878147866188597526e-01
1.325794433483269419e-01
-9.015372055670030083e-01
3.418143514456302157e-01
-4.427398619332747476e-01
-8.155771586972315745e-02
8.548471298358184534e-01
8.361531914074982197e-01
2.687518821719212525e-01
-1.074416336492649560e-01
-1.546914055911361441e-01
-3.623609968110574897e-02
