8.364398701436612793e-01
-9.602679007102787878e-01
-2.269455856088733459e-01
3.810258558443613275e-01
-3.553234306747672377e-01
5.260781556625953037e-01
-1.451378366664854980e-01
-5.317650990818507672e-01
-4.230645747283268143e-02
1.943985628828353018e-01
8.244050035051944114e-01
1.814690416219248981e-01
-1.079661645673677395e-01
1.172959029122124797e-01
-4.653392027594904778e-01
-4.650004043161584111e-01
-6.053985390724450077e-01
-7.683561586334377580e-01
-6.438718552250171090e-01
-1.663844431909144994e-02
6.413041309067013529e-02
4.761111011414382865e-01
-9.843789250727903450e-01
-9.955282384964214693e-02
6.214341728877559312e-01
1.989850548460911916e-01
5.823169820513076633e-01
-3.366042030760902914e-01
1.190129692439105824e-01
-6.989121074317294902e-01
4.289392015137680758e-01
1.721511970133420277e-01
3.726033940178963277e-02
4.316420195117509628e-01
5.118648330085084908e-01
4.670082348199711131e-01
8.635271069314680581e-01
9.398158934878411142e-01
3.667387660111869341e-01
4.708817078685794133e-01
-4.700909365983640953e-02
-7.070472923344828242e-01
7.954656386586040906e-01
-5.792050152387897555e-01
9.702842867749463807e-01
-9.249257195395226283e-01
2.573607965391446761e-01
1.699444395500140370e-01
7.786483338995642267e-01
-2.408412907434229755e-01
6.196514801551247231e-01
8.969552902148534290e-01
-4.048302823183271837e-01
4.169668719132744172e-01
6.634333341903884129e-01
-1.110562065932374498e-01
-7.710862122845074662e-01
7.286062084001068140e-01
-2.236775223929854395e-01
-1.207507965176031206e-01
6.498732024674800378e-01
-3.313512582428135289e-02
8.839099839328756758e-01
1.365261517017120063e-01
-6.471716522664101578e-01
4.729384873115023424e-01
-6.528667911066374785e-01
-1.672052918777873209e-01
1.742419122884948379e-01
-3.245397535485268214e-01
3.754608533693524208e-01
-6.752289984269266299e-02
-6.012969725980878977e-01
-2.537554845265563852e-01
9.355026338628629201e-01
-5.761504561016612680e-01
-6.274485543170649215e-02
7.165050247052044963e-01
-5.527737197995201690e-01
1.398353648607937316e-01
9.376145231727515128e-01
6.582139291702149286e-01
3.084676096915499599e-01
-1.712981006779050741e-01
-7.875630867659213497e-01
-4.094262610065555474e-01
-7.461416000636642565e-01
3.103613180997557564e-01
-3.660899699619351022e-01
1.822896149701302981e-02
-9.275133096382315312e-01
7.538173856685923546e-01
7.115034523726406768e-01
7.718877755691988529e-01
4.021382679236162883e-01
4.875450555930105345e-01
-6.909936670638614498e-01
6.103274163146159559e-01
4.710722808900051906e-01
7.511849303818123325e-01
2.928060635741980278e-02
-3.015257693778861103e-02
-5.136467906208068701e-01
-4.235121883874310988e-01
6.943494292987886229e-01
-5.301929726255432129e-01
-6.693332988303977160e-01
7.990517265145866688e-01
8.024947306370888711e-01
-1.702307844468478049e-01
-5.658014157770974162e-01
-9.080491687800165135e-01
6.111235023405230393e-01
-9.567588739236918549e-01
-7.807638976007027498e-01
8.594598393459140784e-01
4.813724020231464618e-01
-8.110242057992742559e-01
-5.979261023571100786e-01
1.332950469312543795e-02
-1.618711921453857006e-01
-2.832926641888069419e-01
7.702206552930599415e-01
-7.161187071460872744e-02
5.905820497630582810e-01
-2.075660631661491173e-02
-4.864653551253121933e-01
-2.305551883842198446e-01
5.148064587944081172e-01
6.419932831604606704e-01
-8.383151077002606311e-01
8.646258473029106995e-01
-6.833547539041786578e-01
5.244525026891992958e-01
-8.462876959463390136e-01
-6.642177474021813133e-01
-3.882119023285031112e-01
8.877775281604667335e-01
-4.614612850736234950e-01
1.053630044629993989e-03
-4.324471165795593652e-01
6.662365301184276500e-01
-7.301431243339429056e-01
4.898463882626409305e-01
-3.646224074065005372e-01
4.122327749716137024e-01
-2.638109820174807663e-01
9.855496448856380098e-01
5.867905627210394659e-01
-4.795415903099080612e-01
-8.475310624193064246e-01
-4.424965759782018004e-01
-9.089069840091825725e-01
-5.196493003198718874e-01
-3.782166226277139387e-02
6.282339079330983012e-01
9.426384743467723926e-01
-6.613236108730347063e-01
-8.224841591756821835e-01
9.527185540417859588e-01
-5.692246699318506131e-01
2.141344817817552038e-01
-7.380087211315116136e-01
3.591434822684245187e-01
-1.364594425083467399e-01
7.314120141828839294e-02
2.372816737179934687e-01
4.610066303606825677e-01
-4.050686787774322450e-01
1.225979524275389032e-01
-9.318850671864460367e-01
4.626088534529726459e-03
7.814543736150603159e-02
-1.228484807622942654e-02
-3.676404233085230899e-01
-9.900339605231733842e-03
-2.006500404913549307e-01
8.359433484785834256e-01
2.426259835928146202e-01
8.051000954989213643e-01
-9.632004014718820173e-02
-1.806405732422042831e-01
8.074127913780713151e-01
-8.702607687529746450e-01
-3.280941899535416706e-01
9.893274697459080169e-01
-1.057684478317424404e-01
-9.854771944568141429e-01
-5.768100614186706387e-01
-9.689232003079795152e-01
-5.876430423251897128e-01
6.956961378618027325e-01
-7.112940623784116401e-01
7.528524136398424549e-01
-3.032991737485475348e-01
9.437770324576673087e-01
-5.389423507548773973e-01
8.590847125786209570e-01
9.556465068005093322e-01
-4.253645286341738441e-01
-2.209923729582476959e-01
-2.621531522519604529e-01
-1.319488064164302532e-01
-4.839963626697030286e-01
-6.904046700295929373e-01
-8.054958040083681770e-01
-7.292976695624546757e-01
-7.773059615507982301e-02
-4.328681355549290899e-02
2.771821900739239730e-01
-7.006399669013838594e-01
7.584463727135704048e-02
-7.105246883544125147e-02
1.910881764239411584e-01
-9.033337134261270052e-01
-1.414419420040147202e-01
-9.046884273406563537e-02
7.432271087082296113e-01
-7.366172982207415121e-01
-6.982735411706575412e-02
8.442735376136627501e-01
3.114229567399224852e-01
-9.341216307624402582e-01
-5.724925637493412101e-01
3.095267890996427074e-01
-2.971535989236961939e-02
3.248691507814416291e-02
8.030812939359865954e-01
2.582865386667947405e-01
2.407543357926626992e-01
-1.761698456328988360e-01
2.672024056343673681e-01
-7.748674788457843299e-02
-7.866485184770357630e-01
-3.125658606933656714e-02
-3.649327748589434872e-01
8.620817599354748673e-01
1.991457290013525228e-01
5.301728417757647360e-01
-4.766608336060889073e-01
-4.971079003274034847e-01
-7.502649183358078844e-01
9.217800965338529551e-03
5.664041935344319434e-01
1.734599092985917856e-01
-6.293626870276269880e-01
3.208669821926444232e-01
3.451967713306824947e-02
-2.205492788023857287e-01
6.001682781051176363e-01
-7.983327791914722749e-01
-9.428405658408909318e-01
-2.149191447985290271e-01
9.872410644357088039e-02
-6.052108824882762583e-02
-9.502616377792147961e-01
-4.217831588839882073e-01
8.546375572351838645e-01
8.862227396406394675e-01
3.631478600098587695e-01
5.616542640414827758e-01
1.758832728200425688e-01
-3.237398611696229445e-02
4.730720055865611506e-02
8.058007749566220568e-02
