-2.046983315543968729e-01
1.692978647651126600e-01
6.157143929307182795e-01
6.018143264102806533e-01
-9.414809372479135963e-01
-1.413012172763002283e+00
-1.048345598830059178e+00
9.242445953806637249e-01
-8.559547345954410247e-01
-7.596660168285909176e-01
8.039727409752308596e-01
-2.520699320544377287e-01
-4.656942175796947581e-01
7.407026290385789746e-01
3.046351175063241712e+00
-7.569472369874752360e-02
8.724613898668602818e-01
6.010427743706518999e-01
-5.761304188900095991e-01
-9.729892307595875423e-01
1.919722327951198793e-01
6.077758178390535448e-01
-4.994517741069233185e-01
-1.148563329574821879e+00
2.330641271343580900e-01
-6.815955116256129376e-01
7.595080339771611566e-01
3.281875241863672077e-01
4.418078616238416689e-01
-3.709709305167563365e-01
8.927185954867280504e-01
-1.027590488027891213e+00
-4.271779198242064979e-02
3.834050755348215045e-01
-2.584370660558832355e-02
1.022253139766257313e+00
2.834094266927311700e-01
-6.059323567287298040e-01
9.655176127746982750e-01
1.611115253165396055e+00
9.198178910879477588e-01
-2.081764227307784765e+00
2.353136773776179247e+00
6.695106206126455461e-03
-1.380931743585870564e+00
-2.718112726432295290e+00
-9.403682441712863938e-01
-8.222424154208478608e-01
-2.231293089361863213e-02
-7.014158852053182791e-01
5.969029028060028885e-01
4.476228867237552755e-01
-1.973317342024254462e-01
-7.891705127101147355e-01
1.883299847788970194e+00
2.712604879215381182e-01
7.256362124275301806e-01
7.892543880996010230e-01
5.505567065104888247e-01
4.865212436058193868e-01
8.160603980137850488e-01
4.353550726792903003e-01
3.683146750974153338e-01
9.429934734036919952e-01
1.960517720948673770e-01
1.364658162200182989e-01
4.642268655547163725e-01
-8.247892049535352488e-01
6.461655892160398373e-01
1.551971299400445314e-01
8.285234654695998735e-01
4.350270401606979309e-01
2.053008985127484642e-01
-1.316863243965168184e+00
6.423066158651191682e-01
-3.983956736623098238e-01
4.604151605122728252e-01
2.775731506731095588e-01
-7.119782755201509161e-02
-2.408985766083833191e-01
6.514144089759057454e-01
-7.702531217133024022e-02
-6.121921464714892291e-01
2.225284234496531344e+00
4.192129436033890655e-01
2.138563908761571319e+00
-9.578243406965225581e-01
-4.762009535818521044e-01
7.396571896933670232e-01
2.113066998382834960e+00
4.891624677646499997e-02
-5.046847260952476155e-01
-3.569659562460203439e-02
-9.249611201174803288e-01
-1.145414150059356651e+00
6.837669584553809354e-01
1.731573204812602906e+00
5.767195159550291272e-01
6.917838445802002578e-01
4.015470181880853584e-01
8.229982120635608300e-01
5.341211067365456699e-01
4.460145380834590334e-01
-3.160362799040878912e-01
-3.017436826392767557e-01
-3.647285399242439219e-02
4.270253990098509256e-01
4.569637852711285753e-01
3.273860188784307734e-01
9.124956686816039220e-01
7.378308343553450221e-01
-9.556347807437095554e-01
5.819681074099143370e-01
-6.739063407869698707e-01
2.449537622125985692e-01
-3.053404789477909276e-03
-1.835650739309638624e+00
6.951595552071345718e-01
4.694773214879033318e-02
-3.877515515099539956e-01
-7.379912995734512204e-01
-8.567025966395782621e-01
1.971455830320290037e-01
7.988616037149838256e-01
-2.174013552289657092e+00
-1.047115387054509128e-01
-2.884271386649344127e-01
7.722512493447615256e-01
-7.914944875011125092e-01
1.128170412534658773e+00
2.129132418938930016e+00
5.393234062674712170e-02
-7.658421474709753429e-01
-1.994442117564685146e+00
1.408387344207666647e-01
5.663950122181284907e-01
3.657751643533679875e-01
3.464194862866453173e-01
5.874992225646809008e-01
-4.723122699933977042e-01
8.616269409723300576e-01
-6.757008075955588389e-01
-9.398623924234827953e-02
-3.352341325884500289e-01
2.819697282761017831e-01
4.066875800044680300e-01
-5.608082974066230797e-01
5.398506481222449249e-01
3.727281617382454115e-01
-1.653984130639723604e+00
-2.696763085122215742e+00
-2.652951138410248877e-01
-9.078145667555022058e-01
-1.522832253815948889e-01
-1.604505969829242096e+00
1.344013881157377632e-01
6.338003800206872818e-01
8.618542147476757620e-01
1.271580666596574538e-01
7.548933676197639997e-01
1.135761899483342940e-01
-1.390440742555654197e-02
3.692061195148490071e+00
-1.330293643498258849e+00
-2.564853589537192669e+00
-4.843841730681075486e-01
1.380449925369472419e+00
8.569186620171240776e-01
6.741314534159196029e-03
3.606688306735281735e-01
-8.744817228679029331e-01
-4.932079716723392071e-01
1.803126435906121650e-01
1.353678619548340789e-01
-7.684366847569148451e-01
-8.509483001394366752e-01
4.549010726658231363e-02
3.481402126341961445e-01
-1.146111087101385984e+00
8.329919256661590943e-01
-2.837854875957046552e-01
1.420028641510651113e-01
-5.641270045254422882e-01
5.201721138692212421e-01
-6.818897650966377899e-01
-4.202112219386489045e-03
8.492064411042365979e-02
1.902884418616412887e-03
-8.315678196512241160e-02
-5.178437563996671766e-01
2.909893954777853509e-02
-1.208663434426721972e+00
-3.022600025687915970e-01
-1.782025900643404714e-01
-6.400126091184721311e-02
-7.050022376440618910e-01
5.087179955136993392e-01
6.245744218862903097e-02
-2.208547745880926616e-01
2.922665245491131714e-01
2.114155094332170748e-02
3.173392280114474051e+00
3.345104559940443867e-01
8.990792051573510690e-01
-6.109822920137109037e-01
9.984144592281969377e-01
8.169684210192511564e-01
-9.639410897790863242e-01
-8.856217479151543559e-01
1.424469649085674972e+00
1.168982804122347813e-01
-6.814342580691306051e-01
-9.489700001908896176e-02
8.150189701785304219e-01
-9.790780059100443466e-01
-9.539901256793923423e-01
-7.329924984260076659e-01
8.480720535083698941e-01
4.027354968391772538e-01
1.324396263683061736e+00
-6.898790281246951206e-02
-7.357589370261283790e-01
-4.077400139971600890e-01
-2.656834902819803501e-01
9.359375162058720665e-01
-1.399379483136737878e+00
-5.657120772654591345e-01
3.783658942997192298e-01
9.576600872518725716e-01
1.123734848568112232e+00
-3.232323554603122595e-01
-7.647031643251921418e-01
-1.028926803836452297e+00
-5.269852634012885950e-01
7.165705506831112626e-01
-1.252775051164636277e-01
7.785146412490284717e-03
1.510831648243251557e-01
4.302658426823877669e-01
8.674292961627354526e-01
6.617131822810972119e-01
6.210818171821039790e-01
-8.621042860193144364e-01
-6.518184648405354054e-01
-8.061639143330339152e-01
1.186878161000315401e-02
-8.358696280145094804e-02
-2.931584205048458625e-01
2.111323317457214355e-01
-8.804254258428381164e-01
-4.349051725919231282e-01
-3.156374824945571422e-01
-8.848936449120219372e-01
1.345075200834786600e-01
-2.816426151465580840e-01
7.452431408360382648e-03
-7.423816480254452621e-02
3.834939421154686112e-01
3.555306598891938563e-02
-1.653768832533680788e-01
8.261075749331960871e-01
-3.454954641873642096e-01
7.851745021012672687e-01
3.216904307936048202e-01
-6.569819634208751147e-01
