-8.448629865663610516e-01
3.359386999151991460e-01
1.867822059805799295e-01
3.771118004386511124e-01
2.092701641610026364e-01
-1.459308940173003055e-01
-3.107828797200716253e-01
1.780743229815268780e+00
-2.162399191358350237e+00
-9.590215355275604203e-01
3.839289418750460037e-01
-1.757042717065463222e+00
4.165483709276163182e-01
7.911131532407247313e-01
1.160858882558613026e-01
1.673335519693204709e+00
1.137751630694861182e+00
-4.374395000853803506e-02
-1.686468165908502348e-01
-7.094450835267700484e-01
9.962149025313360440e-01
1.323578347218657081e+00
-5.922970034072743140e-01
-8.793665432515374025e-01
-2.413969724695479435e-01
-8.734770892295129485e-01
-5.053218645142254495e-02
-7.683357970862989550e-01
5.623484021970606150e-01
9.962764576427587393e-01
1.324168327093471209e+00
-1.233056186624601480e-01
-3.594820331667265556e-01
1.876160768653740707e-01
-2.821418505320671954e-01
-9.583772313297016510e-01
1.894279524047822516e+00
-9.873954489337153362e-01
8.698592289348705542e-01
1.378466558608857806e+00
-1.576808512819971142e+00
-7.975569666900066412e-01
3.510951224761977851e-01
-2.142254340827376424e-01
6.449802353423841339e-01
-6.093017656028532070e-01
-6.130534012498729535e-01
3.397887303340568765e-01
5.900595671875228376e-01
5.168787283638727192e-01
-1.533392759609142342e-01
-7.282076991485528783e-01
-3.137359477735667257e-01
9.622347023536457211e-01
-9.181367845067461841e-01
9.487115569693076456e-01
6.512059206727622840e-01
-5.252283205451628856e-01
2.099733943788615331e-01
-7.246545547788085795e-01
-6.590684764228527115e-02
-1.334433091544993344e+00
-3.154845284371221581e-01
-8.103775327732545275e-01
-8.846743990831129612e-02
7.850500872746175585e-01
5.654741282346609221e-01
-8.111140335022404280e-01
-1.036100764149947562e-01
-1.861987626129740558e+00
-1.650719896843133805e+00
-1.557683509170312508e+00
2.784178351503769910e-01
-1.077481030550877072e+00
-3.202214599639161552e-01
8.643960097751102190e-02
-3.133076272503467763e-01
-1.208367914083171790e+00
2.741695325212105128e-01
-1.194961423927311528e-01
-1.303817101512581234e+00
2.569727353222397981e-01
-1.462459254314005141e+00
-2.816892836797502131e-01
-7.350997781996260194e-02
2.555553524635210128e+00
-4.292884941191594805e-01
-6.110302070586508538e-01
1.965209452202247853e-01
3.477936055000174775e-01
4.358599818146200455e-01
5.813496431998523839e-01
3.964670835411785443e-01
1.157741955021711622e-01
2.353829408681535895e-01
-9.746345720786744327e-01
-8.752735539222289418e-03
-2.260265601260901036e+00
-1.218661697237462427e+00
9.181714504474627336e-01
-1.656584711070192117e+00
3.570369561224571164e-01
1.086229915317066252e-01
2.184778268899059128e-01
-2.109377214825105540e+00
-2.162334973109572012e-01
1.836374623451064059e+00
4.160885322374954232e-01
1.052378315008521970e-01
9.924313128586388366e-01
-1.370399477537682653e-01
1.013601697195670948e+00
-9.931191085488721981e-02
-5.170647662681429058e-01
5.258471929201775641e-01
1.739201018592478665e+00
5.471442948969837405e-02
1.416692710309576331e+00
6.974308894830019145e-01
1.288704516370506870e-01
7.432043250540980583e-01
-2.501463827000962592e-01
1.530814354833556212e-01
5.083102130480687819e-03
-3.539287146950937935e-01
-3.508589541388409394e-01
-6.430376122848207032e-01
-1.320315634384461312e-02
-2.147997429308072803e-01
7.870293388570752668e-01
-4.755917972282976969e-01
-6.924958021787963602e-02
4.682297229891227985e-01
3.533796659446278854e-01
4.217712220474763019e-01
-9.828481407449287666e-01
4.411744789739766581e-01
8.866637143087845452e-01
8.763331093770803104e-01
-2.554431798235734519e-01
-3.721771654977423793e-02
5.685636923351509164e-01
-2.507024605798620076e-01
1.075365906485972189e+00
2.896672877033239502e-01
-1.281001746462233415e+00
1.292724115041923749e+00
1.457549420110068494e+00
1.433001387201222609e-01
7.555342990575752982e-01
-2.145498745172278010e+00
9.032165377677738860e-01
1.815415897089223130e-01
-1.882288634057191157e+00
5.135784133514960104e-01
-8.498179259956528675e-01
1.157166398492779358e-01
-5.877535676519984875e-02
2.385305679448470606e+00
-9.220068170929429652e-01
-9.234479991033994750e-02
9.763638977756861070e-01
-7.151439167731439284e-01
5.056010179618739553e-01
-4.544928252650625167e-01
-1.270984320913691068e+00
-1.683347481283337388e-01
-2.910164430925414880e-01
-5.987686360781361294e-01
-2.395920705396177297e-01
1.324905656243596130e+00
1.552541093840588804e+00
-6.425094953300261036e-01
-6.693115377104629227e-01
2.344264355874063621e-02
2.849874393492775049e+00
4.663445811551757414e-01
1.271674794236016814e-01
-6.579958961115450755e-01
-4.622281666122192156e-01
-7.708286558007775291e-01
4.521547218261782186e-01
2.977745427171862858e-01
-3.325657575898626206e-01
-4.911624334266242453e-01
-1.329012548740831523e+00
-3.817004014533453282e-01
-2.317553705254404850e-01
8.648614308585611532e-02
-5.627015972472253491e-01
1.907748404283708399e-01
-4.045836946028871228e-01
1.070562769361688010e-01
-1.047011570243377543e+00
-1.468832050593636751e+00
1.362520784546550345e+00
-9.580109632084972127e-01
2.967100780701414919e-02
7.751647557662413313e-01
-9.338874623930306651e-01
2.969225467299849264e+00
-7.515469921426793931e-01
-4.882056343154935751e-01
5.761671140648825240e-01
5.718314890745221923e-01
-8.768713717780778349e-01
-1.804720270936442716e+00
2.142752461127160224e+00
-1.967877075511963669e+00
3.324688113424795199e-01
4.960445734870364554e-01
3.517810942141823549e-01
8.589039251441665801e-01
7.392988798742354817e-01
-1.204699384725233191e+00
8.596248179771959208e-02
-7.740201857639830152e-01
3.309014151994690955e+00
3.891493269944410471e-01
-4.914600953114658388e-01
-9.473762713532634105e-01
-1.454371025219039826e+00
-4.489448539719778086e-01
2.023628006591831507e+00
-6.911716468323954032e-01
-7.316752512564885791e-01
-2.457953138266492310e+00
-3.865324857439289552e-01
2.607175462049537984e-01
-6.301722080754657007e-01
4.053114566430158217e-01
7.328361531408394969e-01
5.912420148682575594e-01
-9.776606121030542162e-01
1.085840370747991113e+00
-8.296427724000756676e-01
-1.151399489528006193e+00
4.610265780112392520e-01
-6.995802188906476982e-01
6.299181066298393805e-01
-4.963153768533838939e-01
-4.573252728634016329e-01
-6.103636821324374129e-01
3.215591761168102858e-01
-3.774996637016874157e-01
-5.658985234089699556e-01
-4.196298866035241826e-02
-9.502184817288346075e-01
-8.004395802017150174e-01
1.158302982136413806e-01
-2.240669125909926507e+00
-4.128092352532908293e-02
-4.117845281973070426e-01
-1.491046742472486031e-01
2.918964376762533952e+00
-4.552337101850476020e-01
4.227888297770496795e-01
8.620469513228414815e-01
1.707265943641078643e-01
-7.481033303254327471e-01
8.955933172127497066e-01
-2.466507034950746746e-01
9.074416947040517822e-01
2.681779649216362582e-01
-5.500211709078892675e-01
