-8.407209762270606568e-02
-6.370270014109746803e-01
-6.676403716533905186e-01
-1.447466741936477841e-01
-6.305674318073608564e-01
3.559840685035404739e-01
-1.386435756537334640e+00
6.710565347519557022e-01
2.663619229864133686e-03
-8.123736935803818060e-01
-1.086444602605268761e+00
8.459068674523428921e-01
-9.222939480985679062e-01
1.540827798616732913e-01
-9.681067185889158377e-01
-8.940100627419920176e-01
1.171386976287827064e-01
-9.727313490830558074e-01
3.985095676653680474e-01
-5.270920499616952304e-01
8.856748535119804977e-01
-9.812714279510967863e-01
-2.472070629604438130e-01
-8.356241261725112501e-01
3.778817660153079849e-01
8.493254516513453201e-01
8.743578048545554982e-01
1.442799057235407467e+00
-1.175066443106852349e-01
1.261904534989126692e-01
-6.720927897736440615e-01
1.929124508760116097e-01
4.679786984914564574e-01
-6.796282781389981764e-01
2.779874863626696779e-01
-4.722418566660768757e-01
-1.162073643033028070e-01
7.138780061314411451e-01
5.206557283944088788e-01
-7.138336398108624525e-01
-9.560114511096474699e-01
1.256826486366210860e+00
4.798874767691695409e-01
8.352877222773882337e-01
5.361131131660564764e-01
-2.171573937592082615e+00
9.421426871569245076e-01
7.083559267631067691e-02
-5.096948963403733490e-01
3.628511802665097541e-01
8.168945231559419096e-01
-5.842243174472595557e-01
-1.825630097698272669e+00
-9.212396177727062430e-01
-4.803794920015589387e-01
9.335844992328172776e-01
6.931538518682875960e-01
-1.287456995045044295e-01
-5.316496197246962652e-01
-7.803476809181941753e-02
1.089909057170106998e-01
5.176070035639050992e-01
2.524396564151306643e-01
2.838894549778851473e-01
-7.365728560121733715e-01
-2.340421427424621559e-01
-7.516355762773707649e-01
-3.007716849059756115e-01
-7.174194759093159846e-01
1.147891608778262018e-01
4.601323441335720688e-01
-4.910735835126721627e-01
-4.064260643494808090e-01
-8.298473594162936173e-02
-5.054636517971933252e-01
2.901423890839402997e-01
-2.649250726648506582e-01
-1.384466838555706847e+00
-7.428761807952251051e-01
1.109941431754625674e+00
-3.790032385368038437e-01
-9.493865873595646043e-01
3.563144652997722872e-01
-4.237566848109584061e-01
-2.140162932995473000e-01
-3.785288584161172754e-01
3.654686658740717298e-01
-4.820111100940649429e-02
1.185546184206052844e+00
-1.115482301810589050e+00
5.380338934517501226e-01
-7.108729872615275891e-01
-3.246870233317378229e-02
-1.361207693887083181e-01
-9.671179150659878765e-01
3.431004455668706932e-01
2.839098813004272692e-01
-9.282915306535386435e-01
8.497240127989815761e-01
-1.604366065015104814e-01
-1.745821602577221965e+00
-8.449988800900820607e-02
-9.634359914692045557e-01
-8.436000177151781187e-01
-5.659039619547823197e-01
-4.750733830769806598e-01
-2.397874597632558835e-01
-1.728675498672377353e-02
-9.441403898912519299e-01
-9.124276927162540130e-01
-6.528896153105113731e-01
-4.814526407541721564e-01
-5.259930381402644350e-01
-3.298151101456304746e-01
-6.124708527024333993e-01
4.380280151251703114e-01
2.517973382386791137e-01
-4.446016542730590881e-01
2.249098112130789029e-01
-7.707875115772317987e-01
-2.542220879909153908e-01
3.618049929219105398e-01
4.831877958410335516e-01
-5.182248377531473160e-02
-2.389419245315396623e+00
-3.177575507512826469e-01
-7.329614370455761474e-03
-1.898504411328942876e-01
-1.407311938318836608e+00
2.320365321010615656e-01
-9.876936497681301219e-01
5.810183984456822603e-01
-1.215563566506834281e-01
-3.658756279402357592e-01
5.815055163786209125e-01
5.614427587750892013e-01
-6.322132365724471015e-01
5.120856279076853035e-01
6.025210043345132771e-01
-2.769112870344928590e-01
-3.022046016014822145e-01
-6.875528999793645291e-01
4.182032344940715962e-01
-8.155551088513282032e-01
4.787900399133326879e-02
-6.818485047844036195e-02
5.896101493205703203e-01
1.250487289485700204e+00
8.243039102536875440e-01
-1.453305487853991051e+00
-9.218618254169477222e-01
2.753563458649115336e-01
1.536757600259064382e-01
7.631857263580642536e-01
-2.718785339577499016e+00
-5.474415183404675034e-01
-1.085783773924599238e+00
-6.113239681585369567e-02
-9.715099839878365007e-01
1.086184344546562652e+00
1.452480257001637742e+00
-9.749641837185998305e-01
-6.470980543740887381e-01
-4.142567074214746903e-01
6.725869514408631122e-01
1.054486717122820050e+00
4.521961655884076947e-02
2.166191880817287529e-01
7.465438496870180352e-02
8.356424377697722061e-01
7.672969527694175618e-01
5.901956644542012409e-01
-4.245331558135363448e-01
-2.666231494540431957e-01
5.137164753715297572e-01
-1.256118729040189841e-02
5.218522842065544953e-01
-6.058473270765030172e-01
-5.412277490099570709e-01
-2.998849076212435349e-01
9.033663032432133200e-01
9.898328699541206754e-01
4.264940307174525103e-01
-8.110536183456871218e-01
-5.766433642156987283e-02
4.967917254212550482e-01
-1.133135020035524132e+00
5.644893742738033016e-01
1.518972663305191428e-01
2.272784309281685289e+00
2.333727321126453536e+00
-3.600271202056968267e-01
-2.280541163334721677e-01
-4.972118035490840082e-01
1.208800596977086528e-01
9.976442983234194983e-01
-7.492277223520955598e-01
6.953886658876806681e-01
5.223058478964306417e-01
5.023708212227491199e-01
-2.535142409865054347e-01
9.093598416004797791e-01
-4.863520458368837396e-01
2.444153417403824857e-01
-5.948316726441411628e-01
6.266186585788895425e-01
-6.295006551798956185e-01
2.516918729202983762e-01
7.310908640892077592e-01
2.837458382069675267e-01
-7.327078172057988059e-01
7.608714760838286573e-02
-1.355560298449723922e-01
-4.146279803971419931e-02
-1.565396491391968237e-01
-7.009944202405331559e-01
-9.488884095118277351e-01
1.050967728958136505e-01
5.715580369223494106e-02
-5.173898985350491309e-01
-3.899149045869727548e-01
-1.856118460329064135e+00
1.395233845382232607e+00
-5.166292024711938158e-01
-3.580361452530032018e-01
5.185363805899692036e-01
8.751569971048445140e-01
-1.249912321850835450e+00
9.198696593669990484e-01
-9.244795787141892873e-01
3.966044028582620395e-01
-1.152930435111368279e+00
6.649244217212781916e-01
3.313148940365022721e-01
2.532786126967958573e-01
-3.915543123244999979e-01
-1.032969203281570714e+00
-1.625828505660886769e-01
-8.471640410585050684e-01
5.943879383829511198e-01
-9.100497516690904121e-01
2.075250232467382716e-01
-8.396401032699860600e-01
8.187992115135420690e-01
-8.849421428506301091e-01
-7.103018725264813593e-01
2.322551703516573696e+00
-1.462399316187104059e-01
9.624665755685120061e-01
8.210353319330463417e-01
8.893345820909539512e-01
-4.383069031212394329e-01
4.215260931640891773e-01
9.275022958977091614e-01
-9.078699711279762941e-01
-8.783567952056592354e-02
-8.862869490520604021e-01
-1.389279570563466404e-01
7.835236918083903213e-01
-9.531024358733266588e-01
3.913776428073335589e-01
-5.673781241647017914e-01
5.092725782497564690e-01
-8.698822250408060341e-01
6.325000671468827829e-01
