7.562699068886102882e-01
8.130191207726313873e-01
8.647876566887171546e-01
-5.552884783353335685e-01
-5.922118754181513456e-01
8.464649688547998263e-01
-6.786925493432607315e-01
6.974372962788837338e-01
2.921264904871345713e-01
9.652300680510332853e-01
4.968972990291249392e-01
-1.214516961083194069e-01
-4.761257610004860918e-01
2.277478246693298569e-01
-5.051569831028392965e-01
-1.882996428302314840e-01
-8.593094165777401816e-01
7.693986486403305847e-01
7.075038058699896215e-01
-4.533055687102434117e-01
-5.617372685022918866e-01
4.037341904661122527e-01
6.887374105652919187e-01
-8.930284156089343117e-01
-1.787830539005088593e-01
-5.080425010309799205e-01
7.496188540758375041e-01
-9.929949452460282711e-01
3.817900685720905241e-01
-4.815493175396752257e-01
8.875908580463476305e-02
6.353247419571761423e-01
6.944113629586290415e-01
-2.426754003619715494e-01
-5.943403355479519590e-01
4.906619479931761951e-01
-4.333244719966202751e-01
-5.003212979209219480e-01
-3.660182924672654714e-01
-4.714347115951442735e-01
-4.867090784700778272e-02
-1.144042663982216546e-01
5.439401432859183316e-01
6.513329589628846783e-02
2.009364128875601452e-02
7.733816283315717577e-01
-2.026998014540644100e-01
-4.476791684873799859e-01
-2.548600774629845578e-01
5.690921104226709382e-02
3.637347695783654800e-01
-5.724952208163389678e-01
5.783266524798018615e-01
-6.967241222209425988e-01
-3.964041780189533348e-01
2.979287504737062608e-01
2.389398647322500402e-01
-8.247398457491912360e-01
-5.426126666484298866e-02
2.627460759986439687e-01
-1.725390416230898616e-01
7.111674216959484873e-02
-4.327596279654752909e-01
-1.080672388479648749e-01
-5.445463671127919181e-01
3.514372099046880749e-01
7.711869305669594166e-01
-7.795046201634898697e-01
5.656304308766944011e-01
-4.184864509483083861e-01
6.044447371037857675e-01
6.136171800241250196e-01
8.174690911548765371e-02
8.489073699655191874e-01
7.156457708377752525e-01
4.505914410630647016e-01
2.972255918574240319e-02
-3.465491732313110695e-01
7.654364431071212227e-01
-4.322185414548631588e-01
8.283660696812655821e-01
3.176684622012728720e-01
-5.336564081559158623e-02
3.299761252570125869e-01
-9.317866431435830599e-01
-2.642161243173397622e-01
2.567502540976616121e-01
2.670104758338811557e-01
8.998003705010988451e-01
3.502800270908521529e-01
-1.327376881306079337e-01
-8.863473826517938026e-01
-8.686806972429073070e-01
-8.333063425241225008e-01
-7.144458264914810286e-02
-3.874974565068214361e-01
-8.840090060340199951e-01
-2.577826852749121045e-01
-6.291876705117331881e-01
4.535214643878586749e-01
-7.670226524904997234e-01
6.835097102062126506e-01
3.578925608953751336e-01
-5.573334548880253259e-01
7.510106228037951581e-01
-1.160667935275032647e-01
1.169849098419146749e-01
-6.384310614525259275e-01
-9.865436815887480559e-01
-1.018639735520385781e-01
3.603144596150416046e-01
6.044021295264996319e-01
4.290794973001599288e-02
2.491576623644886634e-01
7.014268351546439906e-01
2.318570089772238330e-01
6.084520470160310612e-01
9.518282575314784832e-01
-8.979025215260716397e-01
7.348675431985833839e-01
-3.800909794400082475e-01
-6.162291872006768756e-01
-5.393171986941440732e-01
3.298979194642843726e-01
1.901570560391943054e-01
9.473972825179421964e-01
-3.717411918629238698e-01
2.120677841929914376e-01
4.156382480297005078e-01
4.784983894835641571e-01
1.309623178463525939e-02
-5.251232186391898704e-01
8.156175610647553587e-01
2.209950018052375675e-02
9.495211924624127331e-01
4.576254587246884054e-01
-4.032874764849774252e-01
-8.089949836667020833e-01
-3.495493056829976908e-01
-6.560897152442615177e-01
-3.278002241187982779e-01
-5.288267119669365357e-02
-6.062302843289393284e-01
-7.279284652544422141e-01
-4.750913945787309522e-01
6.721303795968605055e-01
7.346918893660761007e-01
-3.884485397919785754e-01
-9.359591515941729778e-01
-6.689628846792570194e-01
4.382583348943986934e-01
3.321741457001601283e-01
7.745487586083223963e-01
2.463610724938620766e-01
1.497117168282213751e-01
3.755122547094766894e-01
7.165436692771274263e-01
-6.890923188920881071e-01
5.579976621652467106e-01
8.245405710872726335e-01
9.191659405397087923e-01
-8.608526002575356273e-01
-2.648329917321292637e-01
-1.734528412983749046e-01
2.976505492432607092e+00
-2.645459806325907159e-01
-1.657704996013595888e-01
1.240122115021773386e-01
-5.520946796673986690e-02
-7.028692062745593994e-01
-8.652268039595096827e-01
6.279367214916027340e-01
7.176453350789111507e-01
9.109270676595169203e-01
1.343775096851351769e-01
-1.019998214154815841e-02
8.430334190407577921e-01
-5.126293955115435175e-01
1.762435346174906492e-02
2.538085113973977958e-01
9.860926262859583957e-01
5.431703669859038186e-01
9.604066672425926043e-02
3.968881058689295305e-01
9.345704541432640067e-01
-4.191564727337280249e-01
-8.885457252283193164e-01
-9.082524227979669185e-01
3.763906935164822443e-01
-3.871870639058070385e-01
3.639553115317879506e-01
6.522519691988035717e-01
-5.907943759140654727e-01
8.731206934389601493e-01
4.754902988486202631e-01
-9.522762828315158856e-01
9.504401283611441098e-01
3.735288909818548220e-01
-1.833110847893131279e-01
-3.469775041869544996e-01
4.745110784295822892e-01
-1.310655347969693629e-01
-8.728338878816181978e-01
5.600912731511640263e-01
9.577563069090369030e-01
4.057962117248363754e-01
2.315300325494562550e-02
8.032398053383780212e-01
-1.578892507261930866e-01
-2.139574613734489539e-01
-4.374502187939157682e-01
-2.324040469618340321e-01
7.065555027996814896e-01
5.138889925228966593e-01
-4.441620564688502082e-01
-1.547851750689523964e-01
-2.003543908976288535e-01
-7.551974148203004500e-01
7.873087024488101271e-02
7.642547265252679356e-01
7.831706948528849299e-01
7.455031935694820255e-01
7.971918475835189088e-01
-2.976065964887271154e-01
7.507081159267015025e-03
5.040958919932825300e-01
4.662181304879653432e-02
-6.829916517229717154e-01
-2.125849268396631242e-01
9.293176775611249330e-01
-2.988096995025242286e-01
-7.678614376426677879e-01
7.684744825130307433e-02
3.551878552520117971e-01
-9.915899026217436241e-01
-8.781112292679522646e-01
-6.039367809049875913e-01
-5.277187610653693017e-01
1.347020965627916400e-01
7.748887623529736590e-01
-8.818487447215670461e-01
-3.228819505574878068e-01
4.686341854387414685e-01
5.030374295306228039e-01
-9.877628286741235719e-01
-5.660478552980823252e-01
1.025979478537240031e-01
-3.710026055987858395e-01
-2.195429466333647106e-01
-6.138335115313253709e-05
-8.508509458584823104e-01
8.417416664375398927e-01
8.284000183806066175e-01
6.717329568207601742e-01
-8.086699922914943883e-01
1.704975760800626627e-01
8.978780431632715775e-01
6.885907724945692365e-01
1.460170671068390380e-01
-8.708901190758657762e-01
2.400456656450675741e-01
-8.980927638872411300e-01
1.125932069288839710e-01
-2.661844538884157174e-01
-5.801291149314791173e-01
