-4.543717279008743226e-01
-1.752719540897862416e-01
8.115778631034016311e-01
-4.364344068560497281e-01
4.957886261718866816e-01
-7.840420669317975655e-01
-3.249436520820214724e-03
8.344821315849515475e-01
5.746982050698554723e-01
1.035904816775556903e-02
4.805974574027511714e-01
-9.635573003372792655e-01
-9.437102759799824714e-01
-8.020676732095168848e-01
2.611493785746270280e-02
-8.998006335380954734e-01
-7.546159385950614862e-01
9.865884559992332825e-02
2.816538913272002009e-01
3.360083116397654113e-01
4.557317242574761007e-01
1.163903281541264656e+00
-8.521421771730566253e-01
2.176057646621920583e-02
9.318207529360020835e-01
8.639596526270933996e-01
-7.046510455586618704e-02
3.886097119403204569e-01
-8.774931190535102399e-01
5.836692655249882122e-01
-1.826627393488680084e-01
3.955265714787807863e-01
-5.453553736620273540e-01
-4.805152935415692994e-01
-6.449863338318313488e-01
2.233833501971544955e-01
-3.334447122608101832e-01
6.617208703641466183e-01
-2.298886417737115995e-01
-1.482943110201453418e+00
-6.882573852624120914e-01
3.161710370330252928e-01
7.424625254994607904e-01
-4.716838302172789987e-01
-3.696040348735338821e-01
-6.768946609315731333e-01
9.459629294849647430e-02
3.429850863647589954e-01
8.181128497695211443e-02
5.525039236826174704e-01
-5.561673143985261802e-01
8.951968174628854857e-01
-2.334519465519515613e-01
-6.559418166085626556e-01
-4.009111373373637210e-01
-2.591984725914620036e-02
-2.554329766250284184e+00
-2.587714570828425487e-01
7.161944799303763265e-01
3.500776715946729567e-01
6.646894904564353279e-01
4.667436302029732142e-01
7.932410845512152253e-01
3.523887653256521091e-01
4.126590800305307560e-02
-7.182586750635002737e-01
-7.436036916426049803e-01
6.918890023870805095e-03
-8.497565208383288660e-01
-4.569811335210629544e-01
6.678131797628026334e-01
1.613577710045221991e-02
-3.085727681347565365e-01
-5.333171996201131471e-01
-5.476836323193783329e-01
7.570199137486453012e-01
-9.524153071810801396e-01
2.075885471548555294e-02
-4.523472100297234455e-01
7.479648209490437072e-01
9.306647420171436647e-01
1.120715346889096242e+00
-7.130859882288216323e-01
5.535567086807302584e-01
8.883526794117593273e-01
1.487562693205910502e-01
3.610281994351827173e-02
8.675891915888609418e-01
4.579016098762678233e-02
2.968328807933435787e-01
4.682569463624104422e-01
-3.375938761691199552e-01
3.747702206605669772e-01
-7.879456992107918278e-01
-9.410744853197001714e-01
1.458187615684785055e-01
1.310959179301663946e-01
9.495623506467683050e-01
3.133336265369270901e-01
1.236675436367608016e-01
8.352223550274271435e-01
-4.600555248314459611e-01
-1.565595093690785866e-02
3.570278990624256021e-01
5.737956231421730280e-01
-2.140931185946692850e-01
4.010889741280119214e-01
9.409212798629547070e-01
-3.925269203371422044e-01
7.158004531588746389e-01
6.310042326514506694e-01
-6.137640479084818246e-01
5.357210058769543704e-01
7.751006443719705707e-01
-2.883435964871594592e-02
-3.447377501312751669e-01
1.688036657384014205e+00
-1.915981846840233427e-01
-7.260790584176988194e-01
8.366393378661414193e-01
1.612309520215591263e-01
2.922353669539679011e-01
3.498660512472242523e-01
1.006948801798350779e-01
-3.189331823791243803e-01
5.275354439688277886e-01
4.770034632858606294e-01
9.116422938567598777e-01
-9.467645527168322417e-01
-7.224173631458965517e-01
-1.492673354107398875e-01
7.315415957321635965e-02
-2.179851026233166067e-01
-1.158804374120694591e+00
7.813748463372445219e-01
-4.865582702354731559e-01
-8.756032492408114543e-01
-6.496280672242189524e-01
5.129373753177950412e-01
3.181186452752580163e-01
-4.638498453142880784e-02
-4.979990817622792498e-02
1.877251335317220438e-02
-2.651723443804241409e-01
-1.552698760264915601e-01
-1.429720831888268151e-01
-4.800553205142474855e-01
9.783525910767203460e-01
-1.052307512470264036e-02
-1.179579678386499797e-01
7.447930614153415174e-01
8.345331320439117739e-01
-4.758585597384921151e-01
3.491987379331518149e-01
-2.401905135216222398e-01
-3.457802338858864122e-01
8.394267464177362914e-01
1.934107966287792468e-01
2.019051317668245638e-01
2.346780194105329009e-01
8.753393940850040522e-02
-2.768815900847652056e-01
-9.572378866206914250e-01
-9.215328154291648755e-01
-9.970494441812542963e-01
5.478414458622877792e-01
4.625135744587851594e-01
5.462810158722886111e-01
9.433036102909659881e-01
-7.480193515521806891e-01
-7.609587720340174055e-01
-4.676443842229291992e-01
-4.759546067739999220e-01
7.374892424507639710e-02
-3.276604947313404015e-01
8.399017495528515731e-02
-3.587045935840964539e-01
-2.229974214907521901e-01
-5.223225261384867313e-01
-1.040664762081521921e+00
-2.391918175160159254e-01
-3.300933469911320195e-01
4.242559664930434238e-01
6.621339668040910897e-01
8.622984670133670981e-02
4.058812835956218112e-01
4.820756454749366426e-01
8.892902623845184706e-01
9.391887503927278669e-01
7.014197300298694593e-01
-8.650409694021388152e-01
-5.739195537662666879e-02
-8.922614004357928286e-01
-6.050895271075242832e-01
2.686245583545818771e-01
3.796508869634829253e-02
4.736627437565108512e-01
6.700378513710698591e-01
-4.409077371329932493e-01
3.574150421270567701e-01
8.240321424237451176e-02
2.452002516678610800e-01
-1.137262484332952628e-01
-2.522370079984841418e-01
7.143802501130136484e-01
-9.850373056336194644e-01
-7.933981632899567149e-01
1.070594861336162662e-01
-1.095828909498000048e-01
8.179138686561218119e-01
-3.565247998536749119e-01
-1.191327942081346070e-01
-4.161838765332006584e-01
1.011133269661081080e+00
7.944025029360222145e-01
-1.744832939796407967e-01
-3.737084093159519504e-01
5.712198420338261418e-01
-6.306408355804780097e-01
-8.220787317883782030e-02
-7.643496065655688287e-01
6.454222385714543098e-01
-5.819375503984116627e-01
3.022133161718005279e-01
-1.842206999317999916e+00
3.650030888999193923e-01
3.390359246255902903e-01
-4.181650960538192408e-01
6.143279951861353450e-01
-7.686929477307142822e-01
8.969885757055058306e-01
-1.238202527195062519e-01
-1.915635626356183785e+00
-5.144117763852200653e-01
-1.840125474560072583e-01
-1.578152216432833210e-01
-7.083841388282019480e-01
8.008736410007195605e-01
-3.075278853483787156e-01
-8.453969775420011601e-02
7.443376834577504209e-01
2.378195110732443940e-01
5.879771835796292478e-01
-6.681722805691214795e-02
1.815478939932471114e-01
-4.626153707646261104e-01
-4.069525204344792702e-01
-6.567472229128079597e-02
6.320149122657492402e-01
2.669562617073988342e-01
7.351569770413401983e-03
-1.760401995227631744e-01
2.940877018619934002e-01
4.929158312161949773e-01
-6.435895182109330204e-01
8.168713403683180996e-01
2.704238623948376219e-01
-2.514487382063192999e-01
4.458056366296643258e-01
-5.016863162577280821e-01
-5.495232358570614206e-01
-2.958892902545937620e-01
8.153092500000476139e-01
8.364756548468166297e-01
-6.504757143365111904e-01
