7.618111802199862836e-01
-6.393190407960482879e-01
-8.763706703793650021e-01
-4.215864579566213077e-01
-1.876084366850538920e-02
8.186232696781150509e-01
-8.505860092787302928e-01
-2.326830936077057821e-01
-9.809298156037720151e-01
1.266271440730606379e-01
-3.218092932513954008e-01
6.290318532956318265e-01
-9.137797308243551520e-01
8.753711320145267649e-01
2.020579855011161996e-01
-1.064144079138336085e-01
3.430608354043467312e-01
2.279392920506975173e-01
4.301711618095902523e-01
-8.341051495244578007e-02
1.688012741274576012e-01
-1.525734897269901413e-01
-5.222815201001733687e-01
1.407044662057179707e-01
6.875434930138111245e-01
-1.176349923147279597e-02
-6.343195721922276764e-01
6.380760687226705308e-02
-6.548691803025035174e-01
4.959398389249183303e-01
-3.305136546900020456e-01
1.993977860174174221e-01
1.440352777782385463e-01
-1.076516720263531735e-01
-4.035303581882105917e-01
9.997075254339637951e-02
3.314722825548623852e-01
3.323384294569873276e-01
-4.577627027905111223e-01
5.840602780961878793e-02
6.152576764182753344e-01
-7.594264597072155620e-01
-7.619746104128681807e-01
1.155578591336763328e-01
2.979278414753046000e-01
3.668756814883293860e-01
-2.507138278335383497e-01
5.860296138881422312e-01
-7.064805525253845531e-01
4.812717220994033873e-01
-4.610784155305116538e-01
-4.154730695895365589e-01
3.234717034464347218e-01
3.972763727644896825e-01
-8.382416544851736262e-01
2.595117959273363084e-01
-8.995240919787239608e-01
9.214253389149715812e-01
7.202395956946303635e-01
4.366660036385359156e-01
-1.531892807938188827e-01
-7.285094807505165804e-03
9.593795470151462723e-01
9.258708033564455597e-02
4.723507136832325592e-01
-7.001751194215537488e-01
5.235811443365558926e-01
3.578657515559346969e-02
-7.332872574050128822e-01
7.046263975678703773e-01
2.986336813280454638e-01
2.286887000593020858e-01
-9.571891077078851229e-01
5.990139111945314010e-01
-4.562224585520135989e-03
-1.635639039117942062e-01
8.633001442460208619e-01
2.220168608446935199e-01
5.388203671103515280e-01
7.514751351292860981e-01
-2.582589385631353096e-01
-4.230413937598200835e-01
7.364298910170439250e-01
2.234474112251993994e-02
2.430588638033714943e-01
6.141261160847926170e-01
5.959084920010542241e-01
-4.247281501334332354e-01
-7.950548913077026825e-02
-2.182131640204516554e-01
3.634147323883776259e-01
4.096454360404793160e-01
-7.421260460994567598e-01
-5.614319748276617172e-01
-5.327489671943645977e-01
1.579952491008032034e-01
-2.608992722105993867e-01
-5.088086091682719747e-01
6.504865227869938149e-01
-6.353557042891244677e-01
3.264194061568888028e-01
-5.979806519179233781e-01
-3.198173067837510875e-01
3.903187342578262609e-02
-4.134883038159054003e-01
5.436847298408085116e-01
-6.976184946670214160e-01
1.579639207633070086e-01
3.736372475361871004e-01
1.791624342630100397e-01
-6.934434301056628946e-01
8.394411750610091261e-01
4.880654839584086524e-01
-4.700929962969915277e-01
6.151409110267387348e-01
1.722282276849107507e-01
6.916743234872337887e-01
-8.769150787406436720e-01
9.322929737387657401e-01
1.678070668876237015e-01
1.241899140803326418e-01
6.420388820794129536e-01
-4.575096361533699252e-01
4.562288120291124738e-01
4.950419010937887609e-01
-8.696877763166337427e-01
3.442656453382637594e-01
9.309230420014922291e-01
-7.714131483672246326e-01
-7.948258096244309456e-01
-6.026451812010602538e-02
-2.700782101599692453e-01
-3.713734334142348992e-01
-2.948041160331436039e-01
8.405868725760654581e-01
2.941574002486375683e-01
-5.089041392823998589e-01
-4.761557229838708771e-01
-7.485190312051799300e-01
8.681007575680903532e-01
2.766869790692936260e-01
-3.608575404666842790e-01
-2.710720307324201439e-01
-3.015460082961012311e-01
-8.198559102573197421e-01
-3.333992356635835375e-01
4.492315390417678245e-02
2.211169001014938740e-01
1.796788015976698016e-01
-8.076742976567723442e-01
3.938749868275319699e-01
2.029854032088385107e-01
3.039326059513398626e-01
6.150766898022956841e-01
7.778286771828339941e-01
1.331176446166786320e-01
9.231327114477927420e-01
-8.682442836654093998e-01
2.084381484697495068e-01
2.220078519012802509e-02
2.200823956185509189e-01
3.220499937790082257e-01
8.342779084949625279e-01
3.631171845848542024e-01
1.475269463622019828e-02
-6.520062042535081925e-01
-3.367609985906325765e-01
-8.761285001478740231e-01
6.540388273748647396e-01
-6.481972902188593011e-02
-4.878880796853508617e-01
-8.748825149802643697e-01
2.415553562988688174e-01
-8.431001709530232535e-01
2.407422812653097211e-01
-4.375783018859635831e-02
4.215494183098147385e-01
-7.484547835644546065e-01
-7.614744872673440135e-01
-2.273303049685724275e-01
9.214284252827975585e-01
7.596656118419704562e-01
6.700037003293948246e-01
1.453196989727700839e-02
-1.116738927211173849e-01
2.211790114853873224e-01
-1.390668124607685741e-01
-3.821855582819266850e-01
2.351403047544955438e-01
2.660514141037526592e-01
-3.833562102241119263e-01
3.554069237998287445e-01
-9.121924198998552225e-01
1.287754433817411837e-02
-3.305412152670750281e-01
6.100466830477748736e-01
1.240538885658772905e-01
9.574007753624675932e-01
3.046210612728039724e-01
5.798971033442172907e-01
-5.809674730022327260e-01
-3.717208131259086556e-01
-8.440120193070741461e-01
-7.307224073397291519e-01
-6.352307383677362473e-01
-1.660051221694403001e-01
-8.243274555506483470e-01
3.683113625504481625e-01
1.322064404985523467e-01
6.930124215297943646e-01
-6.063579952374040793e-01
-3.704334969306339875e-01
-7.574382407417323826e-02
-4.492136656615608459e-02
8.238812010366503014e-01
-9.085226582394083650e-01
-1.683383074135231805e-01
7.213165279737876467e-01
-7.465760590994596768e-02
2.910432708823673664e-02
6.787973111508780466e-01
-6.721145522572364861e-01
-4.592704706661001612e-01
6.114983904615212129e-01
2.454739236371465960e-01
8.049488636176491685e-01
-4.814391835142937115e-01
8.977338752663566179e-01
2.583908930033764761e-01
-8.296705906186474522e-03
-5.667089614219673610e-01
-4.367949046986241424e-01
-1.689905101108331031e-01
-7.017891583828395063e-02
-5.377537407617050125e-01
5.708555164738227106e-03
-4.771794736735555098e-01
-8.022255177766581813e-01
1.900846445585542277e-01
2.823839077221463878e-01
-8.249812671488174765e-01
6.286272209985674930e-01
6.783759884947302421e-01
-3.136948185746044615e-01
4.331696617642017966e-01
-1.878985456847137581e-01
-3.301615829107198419e-01
4.465077045104575149e-01
-8.692705199913624003e-01
-7.099190461440232358e-01
-1.456705497150867501e-02
2.713750173932085730e-01
8.391323551438700790e-02
-8.681329269939563886e-02
8.840545892527791327e-01
-2.682494912956474575e-01
1.547173379265514015e-01
3.497200922293808301e-01
8.967673756743292923e-01
-7.595728643627250865e-01
8.612551627230009554e-01
-7.615528164647040743e-01
-8.730792991507279055e-01
8.118269597589706787e-01
-3.838525684626898915e-01
