-6.155177454932980741e-01
-1.531443210649141573e-01
1.103664761402911587e-01
-6.832867972253353628e-03
-5.110271383930420352e-01
-8.537063232468171670e-01
-2.835016006551103196e-01
5.778390988456709731e-01
-4.302261625448435822e-01
5.727430238369057847e-02
-6.901471192867967286e-01
4.464908430351797186e-01
-9.240029360063966024e-01
-9.680368431827290898e-01
-2.737621881002438862e-01
-9.747456792397517500e-01
2.771992983927642484e-01
1.882162722230034113e-01
-7.523315045443195181e-01
8.866288132819428736e-01
4.033811599038465978e-01
9.520275106482611882e-02
-6.422487740271929368e-01
6.017973907976381653e-02
-7.215204636694516616e-02
-2.166419700702126860e-02
-1.700018931618241247e-02
6.225190408204950288e-01
3.557450697189419309e-01
-6.441289974458681566e-01
4.369155923205105818e-01
-5.630777147360348511e-01
4.696879892093275277e-01
8.961394805908138306e-01
2.131365255027020122e-01
-1.420503273028785873e-01
-8.691309063705896509e-01
-7.747787555696392658e-01
-4.686228996494448129e-01
-9.346422002992169631e-01
9.248583745698235603e-02
-4.220758802897164319e-01
-9.192175892561298411e-01
-6.008084962710671384e-01
-2.317673957618828773e-01
-5.068367452926576533e-01
8.054266543502508480e-01
8.939234299379006377e-01
-7.526140425566427705e-01
6.734651393319210921e-01
2.434177605546343770e-01
8.570845025839495257e-01
-2.097608506927961525e-01
9.847140659983841804e-01
2.489133768501006205e-01
-9.683874429623666735e-01
2.036352252730644352e-01
6.115667704609544231e-01
1.543460750329976872e-01
1.182925760613873223e-02
5.293467042241681852e-01
-3.107593840341611457e-01
1.700328523130636427e-01
2.661891154797884074e-01
-9.017061665821244354e-01
-7.020982428866657798e-01
5.902088243193253092e-01
-7.157898870527854562e-01
-8.453427858864208666e-01
-6.942373659694456300e-01
-4.217057649435587141e-01
-2.974101539948605932e-01
8.242505669705337823e-01
5.203797104339906721e-01
3.577599794417318790e-02
5.235520569239560107e-01
-8.970048549228710755e-01
-2.157187883739519751e-01
4.963738893472180447e-01
-8.024237061025063511e-03
-8.462884975540405641e-01
6.719983626577734626e-01
9.894171087846452828e-01
-3.748339530468307590e-01
6.621973820923527931e-01
-8.053798042193216489e-01
-3.359306600127383025e-01
8.014821579487321213e-01
-5.056436882817967327e-01
3.687478166378548305e-01
9.183338460932388703e-01
6.467171354638816538e-01
8.666576429464301068e-01
7.648331180313965305e-01
-8.803164130773821761e-01
-5.887124100074194732e-01
-5.650722067517297553e-01
1.460904259059998545e-01
9.718334851370482586e-01
-8.325551094509209271e-02
4.463344657294485707e-01
-4.915557957480320983e-01
1.945659192440807317e-02
-8.934437626851043923e-02
2.864786839289277243e-01
-5.179669571206029222e-01
-6.916065436002265532e-01
8.604632525491742179e-01
-6.404439362147706927e-01
3.383551805820741443e-01
6.851168735842561031e-01
6.494711050899435456e-01
-1.057126050801016071e-02
-7.437582248235934390e-01
-1.871443070537237574e-01
-1.565492797990171159e-01
-8.860366504806238552e-02
-2.967223121571205269e-01
4.424949130811270948e-01
1.128576580350797443e-01
-2.158188995886560768e-01
-4.109192325056727491e-01
9.660733600068098781e-01
-7.688688622221007130e-01
6.020745534835021395e-01
-3.344045887001412254e-02
-6.280112036485381299e-01
-5.939843649156573147e-01
4.307213821047652935e-01
6.504158353311915164e-01
-7.577049137709308546e-01
-5.596455770934289919e-01
-8.115986512950090770e-01
-9.072504038135809079e-01
-1.847997554317655222e-01
-5.287116637382285322e-01
7.097831749898584341e-01
-2.553045265708748790e-01
-4.741107726245430420e-01
6.614353937026140606e-02
9.425693832018144924e-02
5.110318980827783797e-01
-2.571755455663367051e-01
-6.416410208162928175e-01
-8.125208452656584868e-02
3.087145493857890166e-01
1.698554338677817910e-01
6.021900614323101308e-01
5.928129102554509089e-01
2.262111226190333113e-02
-8.856570808302286490e-01
-8.863092949980648783e-01
-9.296503369336406308e-02
-9.162294145471003848e-01
7.696033499134464773e-01
-1.148554173849600790e-01
-1.965770722198509901e-01
5.326182701851611689e-02
6.954893172287877068e-01
9.474024398771221378e-01
8.199192547396207953e-01
6.337917979381997302e-01
-8.799767216472953457e-02
4.165633520537765921e-01
8.171086880385258766e-01
7.567561776605842283e-01
6.276126293623913721e-01
9.886634106408014322e-01
-3.266429717094081475e-01
5.803146620075045892e-01
-9.930904634808568332e-02
3.924481818611782469e-01
-3.834867980657565845e-01
2.966204404058541133e-01
-8.051512002618910202e-02
8.902558357235619280e-01
7.401996894347182554e-01
5.959523234097523492e-01
5.719142310716194277e-01
7.025070175380305759e-01
-2.530049070365889552e-01
-9.244784170048807592e-01
9.239436124250000049e-02
1.023363097810532363e-01
-5.136619249791352093e-01
-1.767448006992211607e-01
-6.639737154616607295e-01
-9.316714145196154373e-01
8.248287860328504806e-01
2.644468881389474557e-01
2.406656126825306163e-01
-1.528067079355426294e-01
-3.623594741983422463e-01
-8.821163597578851601e-01
-5.989150928854511946e-01
7.593048726039586249e-02
-1.266307090448861583e-01
4.590135992620829608e-01
-5.503332137562420012e-01
-3.569402404280273000e-01
6.610332617195047167e-01
7.861357903371071210e-01
-8.792237424962876524e-01
-5.785042033077814061e-02
-6.024587575479189994e-03
3.750169539600438640e-01
-7.089823507723855833e-01
1.741350006135298223e-01
-7.177477131390224141e-01
3.179432792979841604e-01
-5.772505004716927957e-01
8.122628652291379314e-01
4.948590616399444198e-01
8.474168764000966636e-01
2.065345889991143657e-01
-8.820614814171492402e-01
-5.261319075499930609e-01
-2.360771638547505269e-01
8.426929800816980176e-01
-6.995914197106902765e-01
-4.094312989561958993e-01
6.316104669097095670e-01
6.322209939901164422e-01
-6.056509734443855653e-01
2.525421511973626743e-01
-2.679419296548934959e-01
-6.867209046181772525e-01
5.079147559136334422e-01
6.762735068751180023e-02
-8.153358863738919826e-01
9.152051837639401111e-01
-2.725709314638085079e-01
5.312631277790786921e-01
2.418552256936792322e-01
-6.235799195229188019e-01
8.859078232622690230e-01
4.005321040462028748e-01
-1.081202218128294312e-01
-6.120495441416307081e-02
8.701592347895725776e-01
2.896139747414843146e-01
-6.979116552209592150e-01
-2.857358849097388909e-01
8.496205467759248009e-01
1.018423098475242927e-01
9.831738195690187254e-01
-7.241620488951201473e-01
-9.628604401078060260e-01
6.088327134110833594e-01
5.975344241694269254e-01
4.642607393811917227e-01
3.094722125495830145e-01
-2.394159922485188385e-01
-8.813375062454529285e-01
9.217186079421362255e-01
2.363639644314987631e-01
5.028291947467189438e-02
9.725353988041809394e-01
8.229390630145849705e-01
-9.176961730151371732e-01
-6.947835294820894347e-01
-6.937834373236464458e-01
9.760673248178632910e-01
9.555163948280243069e-01
3.537765075975303208e-01
