6.731475135265090337e-01
5.858393615585029135e-01
2.644419703121623222e-01
8.473817964485046428e-01
-9.953909386358483768e-01
4.209601994271563452e-01
1.726333192314897236e-01
8.066192766210320553e-01
-1.030524259161784695e-01
-1.086407628483661014e-01
3.654133017728322663e-01
8.639174603034427413e-02
5.891248201559236009e-01
7.116967415495836224e-01
7.660986985037145924e-01
7.925122416350516286e-01
6.647748267387851850e-01
-7.802323031806062126e-01
-1.913876772392488768e-01
-4.670642035905654410e-01
3.496304311695157541e-01
-7.523584621185406274e-01
6.197691291714180206e-01
7.965446081061851036e-01
9.318593527369660734e-01
7.112557107173889115e-02
-8.379992899183823507e-01
3.984645495802574544e-01
-5.795656593170537274e-01
7.677688409305138961e-01
-5.076697862402270722e-01
4.907253479597220025e-01
1.134443943745100380e-01
-8.273461827025483384e-01
8.871811603850092709e-01
8.046114548316687376e-01
4.046231284327450606e-01
3.426933921819412809e-01
-9.664291941846547829e-02
-3.958314993945870608e-01
-7.940794767242314034e-01
2.079754091109624614e-01
6.607086218599642624e-01
-1.048209962238271231e-01
-1.226886631111576698e-01
-6.247180526877091911e-01
-4.109757751840252826e-01
-2.794441261133271404e-01
2.082961893069927850e-01
-7.721339227556345275e-01
-7.519854788356927777e-01
4.748002428714681589e-01
2.127778549430445754e-01
3.029278744600525375e-01
4.496308716566737029e-01
-3.005780979338938952e-01
2.882138073132911593e-01
7.724577911777017469e-01
-9.187615912625912706e-02
7.883326333668387864e-01
8.928345124232297536e-01
6.628969647724418657e-01
2.489069475731231496e-01
9.471938543958566825e-01
1.684774098809154186e-01
6.553198520916583281e-01
5.380225809789478397e-01
1.256001447923638104e-01
1.158829432857126918e-01
3.994893925434750415e-02
-4.822244615936930323e-01
2.036096190183303012e-01
4.136880474905486604e-01
-5.600291706377540368e-01
-2.941520444157537106e-01
6.282181596588365391e-01
-8.980665264577540885e-01
-5.502456557512116486e-01
6.936466442960245171e-01
-8.139420619537762747e-02
-2.700165853055458420e-01
7.588907042836787742e-01
3.639920767649111877e-01
9.440935614216259264e-01
-7.278523961512768370e-01
-5.773552470016747318e-01
-3.373196147204327033e-03
-6.501475880816829367e-01
4.165112613801575936e-01
-4.279458277602170568e-01
-4.716619911660322462e-01
7.505644393132298031e-01
9.752994539555559506e-02
-6.611320961763937909e-01
-9.078558562893301875e-02
4.959500462940360510e-01
-7.721820838486710414e-01
3.702005627192210824e-01
8.091026235785347964e-02
-1.102636073969465169e-01
5.253947489523278502e-01
1.156904542678285353e-01
-7.465887132503046253e-02
3.073028874826244650e-01
-3.044751450786176150e-02
-4.452922384651616383e-01
-2.194402367011138999e-02
5.652813111584820138e-01
9.900066933031610450e-01
7.902379661108793751e-01
-1.257378821574430816e-01
9.699513007132536391e-01
9.163743503895911413e-01
6.975326506527028680e-01
3.766323879264457108e-01
3.316816676769769323e-01
-9.627426740493991719e-01
-1.357340340572410486e-01
4.499835221347203706e-02
-4.851605737846020894e-01
5.101425057099315818e-01
6.603836490660948133e-01
5.476243090094223831e-01
-4.992974221145869418e-01
-4.089907098049416767e-02
2.469608155443192565e-02
5.231599717924684256e-01
7.134442476689211166e-01
7.079286047580024555e-01
-5.932250350792760418e-01
-2.535538944546442686e-01
-9.075867203785128456e-01
-8.382815444226008328e-01
4.376314238600680362e-01
-7.190720849520970681e-02
8.546913216219060860e-01
-8.795678067555818824e-01
5.542584009572766313e-01
7.064079975400747724e-01
1.159417896846965945e-01
-6.480764540603989321e-01
-1.875216291352423958e-01
-5.581108792367051041e-01
5.143351890596481457e-01
-1.684429246218432930e-01
5.431696976242428310e-01
-9.602570851099241356e-01
-5.561643552765322962e-01
-6.674732406836725307e-01
-1.001708078524741197e-01
9.667280446247872305e-03
5.571647802105064162e-01
-8.556957936401041742e-01
-7.573559487781895694e-01
1.463969014295509741e-01
8.744657022202286800e-01
-5.646341530766261219e-01
-1.458561552362389602e-01
4.678414755761211019e-01
5.700136658806931322e-01
4.410970511903393732e-01
2.331557396772203639e-01
7.068625197161384488e-01
-8.147727465927467883e-02
-4.955545639941327796e-01
-9.666566581590254614e-01
-2.030687136199462728e-01
9.075369410971989570e-01
-4.409774951155354117e-01
-5.461490858902307011e-02
5.718464414974133714e-01
6.509323987550110768e-01
-1.338996905372060731e-01
8.225211709189346188e-01
-3.946950324741416161e-02
4.010873678236703821e-01
1.797496875205473188e-02
-5.616577949623540178e-01
-1.968965442227397222e-01
-1.275799090716329687e-01
-3.804579612633125496e-01
-3.244329065165378889e-01
-4.366938252407968069e-01
-4.438430899311289757e-01
7.129622947885267958e-01
-9.248358809075651887e-01
6.258959722466803655e-01
8.278730823215552093e-02
-5.010665494537283049e-01
9.421873028402916184e-02
-2.323819800101973865e-01
3.185573048851702005e-01
3.188660140043628743e-01
-2.098980917172257321e-01
-9.778909937082991277e-02
6.845496571758442617e-01
6.563707574398507383e-01
-9.830355464408935262e-01
5.567428683746458162e-01
9.718846453020144605e-01
8.235275562533290739e-01
5.862511489880537496e-01
2.052397487223973638e-01
6.841039287033079397e-02
7.024489484368872105e-01
-6.789588477664938448e-01
4.132027046184374441e-01
2.346673723644201459e-01
5.765937809240018197e-01
-4.138564928745713800e-01
6.666089143350608648e-01
-4.878613404408160825e-01
8.758060812937777939e-01
-3.760091843321577976e-02
-2.924362812272647272e-01
2.952193125261355355e-01
9.766369327545627588e-01
8.347891662657780376e-01
1.227130544469878792e-02
9.116416346637394863e-01
-9.202019261730582933e-01
-7.823776647803040163e-01
7.439342870709204636e-01
-4.962483285809207167e-01
-8.987520523213146095e-01
-8.453473982884167626e-01
3.216581889321878940e-01
-1.914375434954516120e-01
-7.710344731262486206e-01
6.236214090023075585e-01
9.174349751600296976e-02
-1.389193777328838753e-01
1.815712191516098972e-01
9.981684823743786072e-01
9.593047140871941991e-01
3.483110000136655504e-01
6.074463378571242078e-01
7.987775540924038076e-01
2.872287719686059670e-01
-5.108408865104905328e-01
-6.084146968357830865e-01
-8.654650744442313748e-01
-8.495156234120624372e-01
7.852317423285954945e-01
7.562840093604468183e-01
-9.413862610339998049e-01
8.156969507020264132e-01
6.575896828469285360e-02
6.403300295004503706e-01
2.924591207780478097e-01
-3.520946660923354177e-01
9.139979710763008747e-01
-8.749461307182309078e-01
-6.120581474813397982e-01
-5.880682975132740520e-01
4.040120178385246952e-01
-6.844798043372326557e-01
4.205715442252404568e-01
8.090207399999498339e-01
2.231403944369039216e-01
-6.069780910834170484e-01
-5.239319581883301602e-01
-5.238414462400440286e-01
6.952737330991882736e-01
3.653992553527578568e-01
