1.603717767247410109e-01
-2.940055226632185548e-01
-1.212206272422733377e-02
2.363437116795874537e-01
4.193164815832830516e-01
7.936229743644980239e-01
1.213609734489635716e-01
5.784360819405083287e-01
5.890109885076910690e-01
8.501379347617581406e-01
2.574313071885900861e-01
6.032479501750871442e-01
7.275414524497614277e-01
-5.071366778089063665e-01
-6.146619731534517239e-01
9.130953763134537216e-01
-3.425969297738049590e-01
6.198450654131761883e-01
5.279698457753743135e-01
-9.878804452836524863e-01
-8.716591705879814800e-01
-2.563865702572742933e-02
-9.197455776770770974e-01
-1.779911469281585390e-01
-4.958600319944705959e-02
5.480740004136512855e-01
-6.394487863788720361e-01
-5.721864017314111095e-01
9.386073939711845338e-01
3.426695972947335633e-01
1.298228147313407188e-01
1.051850397555804673e-01
-6.171362498127945795e-01
-5.169624026169239439e-01
6.552705001071006397e-01
-8.651429945631248231e-01
-9.186625971186135331e-03
-8.901075604503310146e-01
2.237982925979098425e-02
-4.474521725417206497e-01
-7.600073034486722889e-01
6.132931881887682124e-02
-7.493004824758602300e-01
2.785322820978386460e-02
-9.482620538284520784e-01
1.002454623221025187e-01
7.863097397523595156e-01
2.946109851053924089e-03
7.523177728680416898e-01
-5.651140587756198208e-02
-7.403227205682683110e-01
1.980789018957551662e-02
5.148188425855786399e-01
6.544267307809468193e-01
9.586840014023263468e-01
-4.308844790531796143e-02
-1.730128000302102453e-01
7.125570806400571833e-02
9.673382142975239795e-01
8.062327657242016610e-01
8.983906594752952834e-01
-5.680320308846096289e-01
-5.235617585883065583e-01
-3.053851603303181506e-03
1.008485247082284708e-01
-4.520935457541670477e-01
2.628331540948589673e-01
-9.163295705230634081e-01
-5.426297844962859607e-01
3.233165366056010015e-01
-1.828705658851605964e-01
8.170200747479734460e-01
-9.833254553537065235e-01
1.366571289864584315e-01
7.316573328082651706e-01
-7.073152259859818436e-01
-4.992208964296007689e-01
-7.196537252794588113e-01
-9.009624780875007399e-01
-9.908552086547570692e-01
-6.151509790137734690e-01
-7.362326240596466231e-01
1.528581401736970324e-01
-9.658162350399668306e-02
-3.299457050257030843e-01
5.168006279427090899e-01
6.606678091990754176e-01
3.702154246888949007e-01
-6.320557089683460639e-01
5.940124774887383108e-01
1.573125865517235322e-01
-1.606065743277320657e-01
2.330749523099144849e-01
-1.450772582523729426e-02
-4.050866859906543382e-01
-4.306607881849144892e-01
9.836210790512804891e-01
-6.999715664321937147e-02
6.187924182702657649e-01
9.433784476746276404e-02
-5.538755786011428928e-01
2.698942218468656229e-01
5.827578777914015351e-01
4.282897238094054426e-01
-2.680865787824309177e-01
4.176997807020343956e-01
-7.292914956828533413e-01
-2.078932462024607464e-01
3.101688594387226328e-01
-3.154668653323133842e-01
1.525678089697561912e-01
1.921978762524756412e-01
6.888244761693189666e-01
-1.624443463494773532e-02
-9.563011226184707780e-01
2.761551723397996927e-01
-1.078755714933341547e-01
-5.949515873129540555e-01
6.549739921616599680e-01
8.712557450111886315e-01
-4.835706183810146719e-01
6.683517526810023313e-02
-5.617886727235621436e-03
4.840008237080695164e-01
-3.580968969523088408e-01
-9.582850121523394105e-01
6.718270888729349632e-01
-1.996754340765840574e-01
-5.287171339400535963e-01
7.024876599841221037e-01
-4.847251772876994824e-01
1.329744228396245731e-02
5.505809763405158375e-01
4.998091148549197449e-01
3.182010900426002209e-01
5.329639680187179263e-01
-5.487218904440960277e-01
-9.684799612215697628e-01
8.012735055678379403e-01
2.474423828276897108e-01
9.742134856657955755e-01
4.232969977616147794e-01
-4.396746234616082383e-01
-9.296376727035267074e-01
-4.421705013961090280e-01
9.168394819405656371e-01
1.838474313946365513e-01
4.188831805974579936e-01
4.762544244848867514e-01
-4.324278456832177930e-01
6.202367610923380514e-01
8.471770282029478238e-02
3.252439190574907268e-01
-1.099186916638514866e-01
3.384998538583525729e-01
2.846919819753523928e-01
6.959711993551318532e-01
6.351035552664454631e-01
-5.405923465109021553e-01
-4.293683609897582798e-01
3.385499350175114053e-01
-1.808049948125001194e-02
8.867728195117869916e-01
-1.271649817896107759e-01
2.273840169548861923e-01
2.201570359940918653e-01
6.906313631217841920e-01
1.725016336651696847e-02
-2.210129156862850053e-01
5.479811071669118405e-01
-9.910984934990427764e-01
-4.661996029259360963e-01
5.898446714880780650e-01
-8.850350255138175193e-01
2.513927059970493261e-01
3.495830021514589880e-01
6.151956802288662818e-01
6.080010466537673075e-01
-2.785715521805656181e-01
4.156228768698586595e-01
3.088434177826049343e-01
-6.747505601481651460e-02
7.013706336227873983e-01
9.590904535867585956e-01
4.341990428256286005e-01
-3.849620238468249855e-01
-6.652412796915916360e-01
8.821466887035640525e-01
-3.267681747690887040e-01
-3.567018843193059396e-01
2.815441107683724908e-02
2.439271888611895811e-01
-8.651465228717776235e-01
-9.015538656458110811e-01
3.407348692378640020e-01
-5.076857744896856595e-02
2.173630385873281945e-02
6.788847121915682070e-01
3.096017159732338264e-01
-9.544366916062374528e-01
8.387424163321794968e-01
8.969077259698836624e-01
7.581106672354835929e-01
-8.220377802119378519e-01
5.573804209630293105e-01
6.930805182238164441e-01
7.454412633709781577e-01
6.559673439132220896e-01
7.174537807011764912e-01
-9.517973315081862395e-03
-7.142980825267717382e-01
7.887045668351377881e-01
7.395281512697193804e-03
8.630778006200625629e-01
1.641211374446738258e-01
1.848488968561270429e-01
-8.435940308745739635e-01
-9.568559887319971757e-02
6.983892964519304858e-01
-1.020227999267149244e-01
3.575160815339237796e-01
5.291545194784672557e-01
-5.456251437458012887e-01
-8.541380399144959945e-02
-7.925645897846360644e-01
1.357346211779637546e-01
2.809906079872894757e-01
-5.242947870133416455e-01
1.764744479713697967e-01
-6.866733717350863575e-01
-8.191637639818092342e-01
5.181174424568775194e-01
-7.347725083963068116e-01
-1.325403036695924630e-01
-5.080921996524170314e-01
9.258107606991905492e-02
6.124372093722734167e-01
-7.522576662260640479e-01
1.450184408340284836e-01
1.686863916101044580e-01
9.006943105285163398e-01
-4.334921120505923486e-01
-9.902422237314219000e-01
9.129544186101357095e-01
7.184031006818947240e-01
-7.505473270771776395e-01
9.769754433769051172e-01
-7.229422710005817265e-03
-6.806286312274421046e-01
1.377560972188893729e-01
7.493697017312113129e-01
4.502469617618070075e-01
2.625084842319649336e-01
-6.510219622494461955e-01
-8.059843171582004029e-01
-9.997348115531143886e-01
9.841090412140962584e-02
6.659451067238160160e-01
3.221319872169650100e-01
8.523093989491830058e-01
-7.044162486580887172e-01
4.349103094631781019e-01
3.721951262960754292e-02
5.058792859468195235e-01
8.650386456339995700e-01
