-5.494867108454088989e-01
9.105159768584243363e-01
1.782459988029039710e+00
-3.289550741555501423e-01
-1.934175067732847975e+00
-4.064789088834246389e-01
2.497728780053831699e-03
-1.220876217425544974e+00
-8.030809648645358401e-01
1.046377894459673330e+00
9.524326381610757064e-01
1.477884289171561560e+00
-9.888531224793810637e-01
-1.182995317047754291e+00
-4.982237695542399147e-01
1.019659350823033384e+00
6.241652365662225810e-01
6.274575384857287164e-01
-2.051743342863034503e+00
-1.051490312831546037e+00
-8.000655063484745089e-01
3.725411057485801258e-01
6.408946152189429757e-01
1.990591927166963426e+00
1.874805789988097104e-01
7.129436005014642141e-01
1.419252563707021686e+00
8.649908447264187394e-02
-3.562430011041364808e-01
-1.195853404149538335e-01
-1.200058130221941521e+00
-1.247398815834976638e-01
2.884539717165107930e+00
9.388006171530958177e-01
-9.155155275633315437e-01
4.226165190556498141e-02
3.842218029215374031e-01
-9.824094686220972150e-01
3.805306416121172486e-01
-9.547475243619209240e-02
-7.216021672315171553e-01
-1.151934282403521692e-02
5.888744023397313176e-01
9.708887065729996380e-01
1.695140732634952130e-01
7.640362942243726918e-01
-8.219008569107839612e-01
-1.235699269368724318e+00
9.107459596161926463e-01
4.398827505576436980e-01
-1.257787175624729414e-01
-2.123632886920994167e+00
1.496676479846598129e+00
2.997241208259083245e-01
1.374589554665066160e+00
-1.437484128794753735e+00
7.486704981164229999e-02
5.548069099863761622e-01
-4.081216092282595742e-01
1.016548485806145763e-01
4.733724219261028487e-01
-1.247719227600041503e-01
-3.661046578680773322e-01
1.567003447194220467e+00
4.968688693637751674e-01
7.650148022851837037e-01
-6.576026358144928530e-01
8.908895856545655523e-01
-3.991944782637225630e-01
4.607997648597424445e-01
3.972406997415371954e-01
-1.249680643044066009e-01
-8.584465412681232532e-01
2.328810947817254728e-01
-2.337187565212942353e+00
6.548075627926899234e-01
3.879622651431264835e-01
-8.478205214046382610e-01
1.192275707913943439e-01
1.822969017589599616e-01
-4.482781565687217751e-01
-7.708873428069089595e-01
-1.507231281266456779e-01
-5.770751826524339601e-02
8.965532682833157185e-01
-4.018110551773248496e-01
-1.979079041265228156e-01
2.109356523709678299e+00
-1.539866651551521137e+00
7.478865040000810538e-01
6.888225329986694678e-01
-9.073608205039669361e-01
-2.320122053351246771e-01
1.288359517767167617e+00
6.887609945741819395e-01
-6.357419622581532703e-01
-1.996493756352965665e+00
9.193558266975343507e-01
2.263665098936745723e-02
4.392146351114378233e-01
-4.447382735814575661e-02
3.984937044989592669e-01
-3.174357862860583968e-01
1.424252131748309225e-01
-1.590664004397878362e+00
-2.079775477404377959e+00
-8.605395250351555170e-01
-4.078619815552211314e-01
1.688374341758992925e+00
-1.077769224015016514e+00
1.691952575580453200e-01
-8.851826064300283292e-02
-1.236804183733218654e+00
9.757331848833461496e-01
2.874475294264207115e-01
8.675949263535895906e-01
-2.098502350224679347e+00
7.491048204770088814e-01
7.125229537095665311e-01
-7.941767309517793194e-01
-7.695970688183866315e-01
8.941282048140544170e-01
1.712733995600722814e+00
1.123909665765359112e-01
-1.497744729243038808e+00
9.795053640711910425e-01
1.220242367550473661e+00
-1.627067506561421517e+00
-6.212262965052965935e-01
-9.415131534544216585e-01
-3.029390503184623551e-01
-3.464070765816598674e-01
-9.653076457906144547e-01
2.647318045340281145e+00
9.341711540403057068e-01
4.154737369383953993e-01
-1.108986196705735505e+00
-1.176250245946913964e+00
-9.158003351355070709e-01
3.746817221969422906e-01
2.176214906622767842e+00
-8.879636776479149507e-01
7.929287089923802156e-01
1.341156768679791833e+00
6.865436568604366130e-01
-1.315207386572996517e+00
6.206272420592413575e-01
-9.238126286338150805e-01
1.632587352208950127e-01
-1.017616846560973842e+00
-6.007537647323002439e-02
6.390067821724187969e-01
-2.377360406172983609e-01
-5.608453664521144688e-01
2.822750590857576736e-01
-1.361217310834546890e+00
4.385811205559368986e-01
-7.889018714223250406e-02
-1.797923599232847502e+00
-7.881241008641277634e-01
-1.450773726781813266e+00
-2.683461753611157352e+00
-2.083007342254646233e+00
-2.764532715777451077e+00
-1.234169397339559548e-01
-4.521547662817770874e-01
2.233581893742747071e-01
-2.034955441125469999e-01
-1.184105567009683835e+00
1.111599808649742505e-01
2.481076886898645917e+00
1.368454600744539729e-01
6.450037852631980151e-01
-6.481845884156101079e-01
2.192832413179639506e-01
5.995940921466906826e-01
6.609244670230030039e-01
1.319123029668456626e+00
-2.577857948794493037e-01
2.701451004363275565e+00
3.509812926129346478e-02
4.937343934273021873e-01
-7.676744220655251638e-01
5.851021100319167556e-02
4.038987386584735884e-01
7.251316800464597812e-01
-1.233424502454683491e+00
8.581185358215253078e-01
-8.095579621713315799e-01
1.488220935578608017e+00
-1.985681321890181872e+00
2.807998379486802421e-01
1.650773927959942489e+00
2.418392383381306188e-01
-1.084558424998991466e-01
-9.386061838288843884e-01
2.684162101257121513e-01
-4.903209574726146158e-01
-2.364170870798395718e+00
1.293798494262837773e-01
-1.071935552276364056e-01
1.050565283094061053e+00
-7.511776927778914814e-01
-7.720282983460566850e-01
9.453470974530930881e-01
8.986297935568221540e-02
7.162642265685382759e-01
-2.327354133287515836e-01
3.740500720693615833e-01
1.404866756673494033e-01
-6.745161635130008104e-01
6.342736876641961175e-01
1.155798492054223026e-01
7.986674330033450842e-01
-1.893539734792835105e-01
5.371577413790349365e-01
-7.820297598965868513e-01
-1.897662911534490515e+00
1.633523449971646668e-01
-1.893691548161244853e-01
-6.579771609647454556e-01
7.453544969614229743e-01
3.665723530961471077e-01
4.697570013079706008e-01
1.615620464272096823e+00
-8.235773719160244255e-01
-1.300399065197639814e+00
5.364120656243125396e-01
-3.817549872231063013e-01
-1.988692994335369058e+00
-3.630770553367308473e-01
-2.071188904847872436e+00
6.286376923915211190e-01
2.923409805135159800e-01
-2.227581075252116349e-01
2.258450150410460822e+00
3.249480132077674277e+00
-1.259727945924656423e+00
7.731924552431410635e-01
2.607959592258843884e-01
-9.519536501914949156e-03
2.833728403704958154e-01
1.523531220873644842e-01
8.418517413461579224e-02
-5.118619631687931770e-01
7.814487332456716562e-01
-2.207096022479962727e+00
-7.255761080773694971e-01
-1.104319545591037288e+00
4.532162208162437977e-02
-1.293860703901041687e+00
4.295699468060003579e-01
4.913876380852258974e-01
3.396904868450889015e-01
-2.846938902801059434e-01
-9.990162827450699279e-01
-3.796760382110904719e-01
-1.000527638962424026e+00
-4.253381017881937010e-01
-6.991791272557439374e-01
-2.878167415157139253e+00
-1.184988337054164509e+00
-6.396179553943615037e-01
-3.021113739257155206e-01
-6.057774181909825195e-02
