-4.495836989595829447e-01
-6.761661935089857689e-01
-7.895200215510003172e-01
-3.194529501776739444e-01
2.749379141842107632e-01
2.608248349769499708e-01
-1.083370290899046573e+00
-9.277082892691432825e-01
-3.468844114175604343e-01
1.389951880737467338e+00
2.019458120632990905e-01
6.991063054695056955e-01
6.732933910696314861e-01
4.957081125332027938e-01
-3.455831197206618022e-01
1.706897669217981584e-01
-9.651330124438466385e-01
-9.948141517029198688e-01
8.814456250055324738e-01
-6.878374705979042325e-01
-2.351629531652041916e-01
-6.339296423821576543e-01
1.488567778770637506e-01
4.866359111516609381e-01
-1.968851807088825012e-01
-8.950102151701690989e-01
-5.429068823032423552e-02
5.063130112513321013e-01
-2.447431847988674747e-01
-1.305627980121168763e+00
8.296830241221815339e-01
-7.144245104353628140e-01
-4.501869278105088412e-01
-4.341460414327742434e-01
-7.690506338413023446e-01
-3.595940106658150892e-01
3.603506759929968606e-01
-6.654736020716716105e-01
9.777531716471901113e-01
3.611770628540433847e-02
-1.262533885614779416e+00
-6.876996149340255382e-01
8.448877543606130303e-01
8.849763433551420810e-01
-5.140421096034313297e-01
-3.344609140601622066e-01
8.156271295793744436e-01
3.486860155674587070e-02
1.069269043965814792e-01
-2.178019823417238765e-01
-4.173738348696716116e-01
-1.192456622804995980e-01
-9.669254992481166600e-01
-6.156101275115393179e-01
-3.143603774059018363e-01
4.641031655004859147e-01
-1.630470215881719420e-01
-2.524327029997515126e-01
7.675675791344278576e-01
-5.822252617501209038e-01
4.224975767983625285e-01
6.130213486407036783e-01
-1.607049162464170733e+00
1.788231870503780296e-01
1.375554628029889148e-01
9.634452777961466374e-02
9.291719860221263616e-01
-1.038292737361046214e-01
-8.304609120695622959e-01
-9.061966887662384895e-01
-7.990365578682578906e-01
-1.183546318341954784e+00
8.361616060319900789e-01
1.531134143348802379e-01
6.545735459050177063e-01
9.599038705096218926e-01
-5.181285457473234768e-01
-6.714365019633443676e-01
6.298006598700307546e-01
-9.665501470511239646e-01
-6.428358731654402192e-01
-1.032403552550158476e-01
-2.382209661931092293e-01
-3.398447862251141594e-02
3.397962299177130774e-01
-6.153681922534530724e-01
1.744461990551004482e-01
6.602760611585358763e-01
3.213490210019392279e+00
-2.810184241464845911e-01
-5.398654759898080524e-01
-7.760861264254725889e-01
1.081821487299762463e+00
3.470620801485364559e-01
4.586618377721798367e-01
1.407045782083389041e+00
-6.850426513860481403e-01
-9.198839721729890062e-01
9.253908555467154073e-01
-9.904699103342623490e-02
-7.081399852781944393e-01
9.102362477828640497e-01
-4.303858028570717309e-01
2.006000811786570193e-01
-4.179599831711884317e-01
-2.501467630633718020e-01
4.679503215481339851e-01
4.048274947643044630e-01
2.640327134558826394e-01
2.922356272550530321e-01
-2.078569960721403653e-01
3.566959319496580960e-01
-6.285925233388568456e-01
6.035057036127462471e-01
2.671688869797206323e-02
7.897874771289448148e-03
9.436675766064601678e-01
-5.749809320078289598e-01
-6.893968225059259325e-01
-1.866723830272678519e-01
-7.067134747263030814e-01
-1.627288892304439294e-01
5.374994779003117173e-02
-8.150153089497982339e-01
6.759784687169301254e-01
1.327125892361593618e-01
-5.408088882119759244e-01
-1.573876785384298316e-01
1.456278196491419097e+00
2.503792486744373935e-01
9.425056634019817192e-01
6.946109672966220838e-01
5.504632821091886008e-01
6.915131936528418066e-01
-7.898275548010302849e-01
-9.889533259235849805e-02
4.426901504981248792e-01
1.020100218360996847e+00
2.141729788011050850e-01
-2.667006332798209645e-01
-4.941281396166623541e-01
6.964288620757856929e-01
5.234648016288991901e-01
1.170020794159327693e-01
1.147059887812540424e+00
-8.623502048984685864e-01
-6.954343087490346687e-01
2.047535819609588970e+00
6.529742474466722069e-01
-6.378761116210445170e-01
8.174455047559918697e-01
2.694785687572842647e-01
8.374997077346488794e-01
6.119610042061947031e-01
4.738923375123582638e-01
-4.800603291448963805e-01
6.618586230363683320e-01
-1.711907370222486069e+00
1.236072413884501620e+00
-7.398193059197730737e-01
-2.134185677851467844e-01
6.078466914340108218e-03
5.598439668105246181e-01
4.098413349451959231e-01
3.004271380529239810e-01
-6.321282844505422549e-01
-7.183798168771213799e-01
3.170716217388196423e-01
8.415589572121899842e-01
-1.061167868690411575e+00
-7.744687319625898070e-02
-1.189132445617471223e-01
-5.348286413834291153e-02
7.447828048122726585e-01
-7.105819382894122960e-01
-9.993046912697800543e-01
-7.708786508574299035e-01
8.797484763434837429e-01
-1.092727092702949765e-01
7.773924722497269624e-01
-3.237666088807378273e-01
8.255856594215422728e-01
6.475005315611734868e-01
-8.515671453507467348e-01
8.583497760443399294e-01
4.024979354208271243e-01
-1.405355007678554813e-02
-1.991330884136299773e-01
5.314158050082266049e-01
9.895992465886822576e-01
-1.574619268556652685e+00
5.692932882010288687e-01
-2.306538935160920012e-01
-2.632605815432347285e-01
8.605988057512206080e-01
-8.181986290426035424e-01
4.678000549175493905e-01
-5.923616737312205061e-01
7.300719484329638576e-01
9.852432578674881203e-01
-6.171578952730882861e-02
7.685718828969585470e-01
-3.358402990009270450e-01
5.001130583605397639e-01
-5.611137197128317489e-01
-5.605665481933390648e-01
8.416287589041766548e-01
-3.504469359858559674e-01
-5.019224514770770362e-01
-2.549310078908888499e-01
-4.453024916941350497e-01
-7.940862316603436444e-01
7.735502634212079176e-01
-7.048018629961416703e-01
-8.699011625171297890e-01
-7.912671306357982326e-01
-9.096539314487492867e-01
6.590825058623979160e-01
9.519157943062459548e-01
-5.932163064479993864e-01
1.283803088451681562e+00
-3.516441759719517446e-01
-3.042942811792754831e-01
-2.173896276585506548e+00
5.760207810647772764e-01
2.823766686966628914e-01
7.214921170705452802e-01
-3.606506237649382829e-01
3.044832247057576158e-01
-2.795207647130402151e-01
-7.165794646065000162e-01
1.003539317618862281e-01
-8.722674240152374914e-01
2.019540280174993541e+00
-5.799984893715313117e-01
-2.056815593024858835e-01
-2.556933834037866671e-01
-1.666590406229913057e-01
8.447761723080604579e-01
-1.476243542777545548e+00
-6.355103138883928526e-01
-9.592881724340931449e-01
4.818575814169823168e-02
2.925800460665639591e-02
2.004337537539777614e-01
8.474485087459671107e-02
-7.388093061900122827e-01
-5.962286155048281966e-01
-8.429924892594575780e-02
1.676244031847360372e-01
9.896659464754797852e-02
-5.445908115457511744e-01
9.541551878633662831e-01
-4.646057144266113603e-02
5.925869263165663980e-01
-3.685022292304434011e-01
-2.840454105425322950e-01
7.428202389626266111e-01
1.928252833993027160e-01
8.088913338102468042e-01
-8.847151809856778071e-01
6.199491394416516421e-01
5.993289098670542270e-01
-3.027738017922776415e-02
-9.332942329100268886e-02
