-9.809999704426435319e-01
7.045246205372126536e-01
4.075625851506765596e-01
-3.382571521718793495e-01
3.891018749038366309e-02
5.602411772023312420e-01
5.431375980633277312e-01
1.183222410491566734e-01
-6.530852767995896091e-01
-9.267096113797437251e-01
9.031283405641550299e-01
-3.831320523072549999e-01
8.703958913183169610e-01
-4.329572659463962747e-01
-8.233268117476508774e-01
-5.577877480588906423e-01
6.495892340913540508e-01
5.947279724629900288e-02
5.671315311878515342e-01
3.603918670510464217e-01
-9.274807863936347374e-01
1.051643524313793376e+00
-3.574559896283133753e-01
2.754362880973447725e-01
-7.696762118435016564e-01
-1.018607151025954227e-01
5.123462837288239591e-02
5.045393406493963173e-01
-5.856335878415497298e-02
-3.235968045261137238e-01
-6.625842536616954881e-02
3.765791381785927872e-01
5.565752631033735742e-01
-9.926066863408817831e-01
5.307740761136232610e-01
-1.744963361852325257e-02
-1.020077420400216983e+00
7.828574452961696295e-01
-6.632214835059206948e-01
6.679044700181485661e-01
-9.508855437755492357e-01
8.669330635302601173e-01
-3.605421355456561727e-02
2.565411800765224015e+00
2.434887900793722970e-01
4.642354804633916920e-01
-7.198245590064367150e-01
8.700185877440482773e-01
5.996094264673441643e-01
6.807051267740789058e-01
6.588595596754238670e-01
8.924244585456236889e-01
-4.447643644063095092e-01
1.892403288206794265e-01
8.804608484104509136e-02
-7.649355711662297885e-01
-5.445975104772047271e-01
-4.848457020555636543e-01
9.702845184174651028e-01
-4.906661489694765788e-01
8.810441052303477072e-01
-5.299383725278663526e-01
8.677319837747887732e-01
-5.121878611173829032e-01
-1.129528285758196748e-01
3.880401323212472331e-01
-4.874847202366602295e-01
2.001783643646163124e+00
3.024428840804327390e-01
-3.771553694919738131e-01
2.825622942780932068e-01
-4.631084436138823701e-01
-1.576132672488126163e+00
-8.415955430851398411e-01
-8.529870339354264086e-01
-9.388418731356185098e-02
3.197720167932402990e-01
-6.840519413705212770e-01
-3.342988711626715403e-01
-9.871503400124881367e-01
5.931718302580568647e-02
-7.118316599321581339e-01
-1.767143280448861820e-01
-5.224290160065734323e-01
-5.311099021664384967e-01
8.536798741185314121e-02
2.011537362979640697e-01
3.403215515103588107e-01
-3.630596880348782030e-01
5.285034259033460913e-02
5.073679608229760829e-01
3.218474568954625692e-01
-9.052879175460251115e-01
-2.493978201568955999e-01
-8.960886011457240841e-01
-3.971912984003858060e-01
-3.832416182012157169e-01
1.325092797137192191e+00
2.098559221108393658e-01
-1.011034107500103918e-01
5.153553080667423458e-01
-5.196028578769049666e-01
9.793819336746136806e-01
6.752641921677371428e-01
-1.743373291858236751e-01
1.237104554005299395e-01
4.961232508182855661e-02
5.895220642855214521e-01
7.276598864996588478e-01
-7.530224514432948268e-02
9.236973014303946350e-01
-1.825388540484101041e+00
5.242498287384280697e-01
-1.675355799735200879e-01
-9.165778953364620563e-01
2.870750246580431320e-01
-5.655550805386577728e-02
2.999293018672646305e-01
2.591353961955214502e-01
9.077517969058115366e-01
-4.852036308660645503e-02
1.681410904817925989e-02
2.179376036379524706e+00
-1.995459010218194607e-01
-4.321872536840669632e-01
-7.158174330436823940e-01
-2.857337422049797127e-01
7.773587637679657547e-03
2.215932272750746002e+00
-3.976478952844832437e-01
-4.314844304293958821e-01
6.229766945181534066e-01
1.543510922859738344e+00
-8.878592680792762870e-02
-7.716312041231276897e-01
-9.008052584340209279e-02
6.510286518358521235e-01
8.608056783349531393e-01
2.776072410779841348e+00
-8.623596512556592764e-01
-7.229551135504834747e-01
8.112180359153897680e-01
2.204090086028316353e-01
1.114770271574927474e-01
8.437266156974793097e-01
2.251212333452581316e-01
3.125821231955807633e-01
-1.237815589300856223e+00
-5.704510030495006934e-01
-4.224095336729298822e-01
-1.934712639237163412e+00
-9.499680275413968644e-02
9.540644524534553916e-01
6.341129860280378949e-01
2.525530152183061983e-01
-4.440751662169992731e-01
-7.882335409764724687e-01
4.848810122566007408e-01
7.937073338813258605e-01
-4.011625863495642541e-01
-9.168922242328734207e-01
4.118898593207465098e-03
8.264689993898323150e-01
9.960334187268169437e-01
7.869870800267642075e-02
4.238933740934884842e-01
3.484664089875399995e-02
8.960539619340817108e-01
3.624398701041220416e-01
-9.346776580443383331e-02
-5.261793963500733806e-01
-2.453976866989353578e-01
7.557884731165146475e-01
4.888976476739070876e-01
4.279225215283659622e-01
-7.595459590600701638e-01
9.009158311752809567e-01
9.403583823147638743e-01
-2.399714299544775109e-01
2.949002091609103093e-01
-2.640785374558480836e-01
-4.171536688819938998e-01
-7.679079690620973508e-01
8.132370559967297408e-02
2.894651305893517268e+00
9.173847038133138287e-01
5.517788472860691851e-01
-5.330376409363803969e-01
4.698666216368130311e-01
-4.422581970152779096e-01
6.617172279220639997e-01
3.825714646624351900e-01
7.251170894514256116e-01
-4.501083938970471543e-01
1.565720479458641012e-01
4.704685524687945986e-03
3.428103049570601080e-01
-7.960010471201677262e-01
6.488739206346649802e-01
-3.082005445353850348e-01
4.175783328932936023e-01
2.340190239759130097e-01
5.421663574199155899e-01
7.499103579559687205e-01
-7.129975897168087107e-01
6.956877444235358698e-01
8.591318644219152478e-01
8.732825208130966521e-01
-9.934193474483015152e-01
5.235646241484641639e-01
7.519552125030373180e-01
-7.687445295726413885e-02
-8.871471342665704363e-01
8.603369900517360280e-02
7.630286205945209232e-01
1.699939012315326847e+00
9.796079381437250433e-01
2.001506480130954557e-02
2.560126412534917684e-01
2.200894427980761847e-01
-4.775170343087897784e-02
3.166472155107875608e-01
-2.951986130994883606e-01
-3.211313822594441536e-02
3.639118773345944025e-01
9.064330814708538853e-01
-7.107450664403769380e-01
-3.911853213976053123e-01
3.197726537560223736e-01
7.886413477735667588e-01
-9.549907696185644390e-01
5.020120987383207556e-01
1.855453519346295099e-01
3.841553616203736254e+00
-3.339356556799510933e-02
1.372812363816395820e-01
4.883922120844208514e-02
2.849565957147344175e-01
-3.909779387584670918e-01
2.025889514034883987e-01
-8.237318111546543253e-01
8.205274216178823909e-01
4.373563705270486768e-01
6.180295763381624674e-01
-1.393933135019371772e-01
-1.450763662947716082e-01
1.855644860672966967e-01
7.769052886056340146e-01
6.571914486896968111e-01
2.536388933057649453e-01
-1.805593598761059404e-01
7.757169440516531456e-01
9.870294612579433302e-01
4.241771185941443090e-01
4.985940542516575924e-01
-7.889367875435264743e-01
-1.267428846892654670e+00
2.898607153844445783e-01
-5.357016256151894140e-01
6.776711346448365259e-01
7.204998840686940298e-01
9.861299881478822194e-01
-1.970662944939978178e-01
8.333602561715987012e-01
3.494597073120947472e-01
