-8.967174945658982210e-01
7.246248296594264282e-01
6.952281199737531114e-01
-1.123065107690260689e+00
-6.408342630310881471e-01
9.272418552601284780e-01
-2.490665360589325861e-01
-4.980445907298403085e-01
3.489308767383989540e-01
-9.516503793088955110e-01
-3.536070191942586316e-02
-1.999668570873615936e+00
-1.119929954846691222e+00
1.398675047215252043e-01
-1.598554300599144273e-01
3.783911134939070831e-01
9.281755436476555321e-01
5.400246284081355874e-02
-4.592789410973856512e-01
8.033868644477377696e-01
-4.620129569111401935e-01
-2.110598284234384892e+00
-3.558865187904818317e-01
-4.081676480119817985e-01
9.728547204804625093e-01
-7.966147345559249082e-02
3.031128819879040925e-01
1.251759459964477017e+00
1.069854275720649062e+00
-9.419014490512962468e-01
6.783101903526675969e-01
1.677913355503594772e+00
-7.058340776583664766e-01
6.872602251269319673e-01
-5.470589810626156346e-01
-2.212341335066101422e-01
8.481442095541289472e-01
-4.466024089419633469e-01
-2.193509770134647763e+00
-1.300080938771346339e-01
-2.148737892601424448e-01
-5.644257799969800704e-01
4.039113405651466593e-01
-3.017844543595574747e-01
-2.944148214595476709e-01
7.310976261696242595e-01
1.104543948935805542e-01
8.964777817905420498e-01
1.964779405550196589e-01
5.651760128242508952e-01
7.540534924322459531e-01
2.730953810788940839e-01
-5.430262890876604853e-01
-5.170473104907944428e-01
6.442691180954918106e-02
1.475968440209896038e-02
-5.070917859641965730e-01
-5.040032358024570946e-01
-1.516065183721266640e+00
1.941597091897335536e+00
4.201372470341580012e-01
5.119481217963635089e-01
9.466967099319747447e-01
6.798157613966049340e-02
7.842160352013354263e-01
3.173439835008031729e-01
7.786426221910702772e-01
1.313715028813091656e-01
-7.714424199024934037e-01
-2.631565359166138651e-01
7.633758164650010780e-01
-1.496377575572436225e-01
6.716176138176244148e-01
-7.057512118896511755e-01
6.105930146307829709e-01
-9.512485754691399897e-01
8.077641266507971096e-01
-3.525070238867618055e-01
-2.730524559698392029e+00
-8.916970231543714931e-01
-4.706805208118944872e-01
-4.035912077219483418e-01
3.905036709151705754e-01
3.462077355155050995e-01
1.084276369979612742e+00
-9.329395457197622310e-01
-6.068184428055380941e-01
-1.493739639994904334e-01
9.276898285473209604e-01
2.234749211198542973e+00
-1.198792447218313129e-01
-1.029137471432806317e+00
5.329434939993364928e-01
-7.311690024068162597e-01
-3.443933100012334103e-01
-7.113496053860077772e-01
-8.701452668468216967e-01
3.218662380465864281e-02
-4.735240134529372646e-02
4.736309393336324280e-01
1.080762753921405084e+00
-7.896729689532167029e-02
5.290587805165977153e-01
2.399825369124090058e-01
7.733595662463010889e-02
7.831357244370018567e-01
-5.432004839022099851e-01
-6.466579820126456823e-01
7.186549180546955018e-01
-6.895232791581742404e-01
-1.827837470947254239e+00
9.432349629802603275e-01
-7.254454549532052265e-01
-6.901197922967163834e-01
-5.314954160793433635e-01
-1.071438210650095924e+00
9.613553661405156436e-01
3.894874549234295102e+00
-1.199817949816273099e-01
3.801820436526568980e-01
9.112571208858817329e-01
-5.901411222884225261e-01
-2.587016590506776570e-01
-2.335612633955641559e-01
-1.494515153545029618e-01
-9.513214529527136420e-02
2.328477603274947683e-01
1.715787987021388794e-01
5.904058153558664479e-01
-9.320995619156586809e-01
-8.889627353466706960e-01
2.970490928076683357e-01
-1.362905325462017592e+00
-7.665784612737813752e-02
-1.114462895273716336e+00
1.279022477011148240e+00
1.412119928328852136e-01
2.821664815483136413e-01
-6.055418669981003088e-01
-6.101095474724349543e-01
8.346828892853703774e-01
8.567821787701312974e-01
-1.143990742909051672e+00
4.206206399085068437e-01
1.293536760553404719e+00
6.847803653519950462e-01
9.424100458125247992e-02
1.372111158655293872e+00
-3.163671676697501489e-01
-1.144702617545562573e+00
2.712652652432256950e-02
8.657143058263339075e-01
4.799003691781846825e-01
3.361008235893183649e-01
8.555981831464335441e-01
6.282827702959037364e-01
-3.229320803648565996e-01
-2.613934715892350935e-01
1.532502855648627538e-01
1.901459585420243403e+00
7.831398888387944845e-01
-1.102786480361039434e+00
-4.011321402663512448e-01
1.226213335508190116e+00
-1.872843088077255080e+00
4.475352048386906922e-01
-4.927153680502573962e-01
-9.049612311452854829e-01
-8.459877681553467088e-01
-3.324816166582345023e-01
-8.255737248173156129e-01
2.939458236534029378e-01
-1.419010368836747915e+00
-8.548518097613840849e-01
-3.100200424539323318e-01
4.312486698883026826e-01
-8.315544798519733938e-01
4.964401848146577367e-01
-3.157566050023938864e-01
-6.942829472094436127e-01
5.759270608932401947e-01
6.928857063846500797e-01
5.722220754226498007e-01
8.759442655061153715e-01
-6.404317486049944108e-01
-4.472974915453968858e-01
-4.081682710844085626e-01
4.108902274668121413e-01
1.874124878234770808e-01
3.847301702651453326e-01
6.814310978218274251e-02
4.133135512379408905e-01
1.009987584115508374e+00
8.148359735583046159e-01
2.667868069178493950e-01
3.952621404637417957e+00
1.332590263186185453e+00
5.004312839289593029e-02
4.123807444015555324e-01
-7.696109375664172969e-01
7.300925969089062662e-01
2.084323551641251715e-01
-1.256231353338768120e-01
-2.822747271487375254e-01
2.513551359674877084e-01
-1.787346370088367387e-01
1.140343166744860470e+00
-9.977862020936154597e-01
-1.860462572771331757e+00
-4.515179300799296858e-01
-8.941271002350971164e-01
1.422981615915219211e-01
9.323384629424058545e-01
3.877252566566975478e-01
-3.640477526417457699e-01
8.340327509044920262e-01
-3.614724012620450511e-01
-8.319936881030869369e-01
3.884653291058041968e-02
-8.221642268948454735e-01
1.027176853494846664e-01
-2.342339068807706148e-01
-1.256545059624462057e+00
-1.443699092125760863e-02
3.499303831595786951e-01
-2.213147244126001389e-01
5.131290312707736945e-02
-5.108274676917181623e-01
5.896706421484239069e-01
-1.848693028394874371e-01
-9.469413332006832995e-01
1.620160904513573197e+00
-3.230575972471982915e-02
-3.285892542490548074e+00
-1.276923880223079788e-01
-1.518804409484986184e-03
-6.834576748873020247e-01
-1.144700726037353178e-01
-1.481611155621962439e-01
-1.963716407537181574e-01
-2.212199775888168407e-01
-1.108123076884409697e+00
3.389678843996963842e-01
1.561871167669650062e-01
8.920911715028525535e-01
6.270598062916838966e-01
-1.297515658377191183e+00
6.626280740126864188e-01
3.528029773927121582e-01
-3.415108339038601670e-01
-5.159157625180819107e-01
2.099986553610431184e-01
3.542103018186735230e-01
3.488248256376900169e-01
-2.639659112712896771e+00
5.684043858600398291e-01
8.944006609359566040e-01
-2.256537599627934931e-01
1.330036350552628033e-01
-2.873860364138570711e-01
6.182855175694088601e-01
2.093931946725916315e+00
9.061452878910600806e-01
2.417238604577236494e-01
-5.482871686996928506e-01
