9.898909461339795435e-01
-7.989763800737543775e-01
-8.452629203592447737e-01
-1.552171294794231216e-01
-2.935290108577293111e-01
-3.286733197697846443e-01
1.667797819082461608e-01
2.170423518692288223e-01
5.702572987428589091e-01
-4.648295643151936218e-01
2.817192295535619895e-01
8.234279497312773088e-01
-1.456339509458912662e-01
-2.881054609477895490e-02
3.063951058527816240e-01
2.135750668353428861e-01
-2.842719865642631127e-01
-6.178477737980905271e-01
7.755331168392101127e-01
8.979592281507142726e-01
9.452418679655212319e-01
2.294660790721023691e-01
-7.521824711324114343e-01
6.733839472594642661e-01
6.467108034084034784e-01
-6.832729523083220791e-01
5.107446775207247214e-01
6.889726861999496688e-01
-6.526731903207363406e-01
-3.199362881323242203e-01
-6.512424101345097860e-01
8.948525881518136771e-01
-2.849841014385718907e-01
-4.120676587627485343e-01
1.754401747564811043e-01
6.628128458271476120e-01
5.575493923580916444e-01
4.536799005712717214e-01
-2.857749314314084188e-01
-6.751233162176830671e-01
5.019320367765469637e-01
-6.988386094948855209e-01
6.991977937916815655e-02
-3.252659173646801349e-01
-8.520731754192412133e-01
-2.973108310883345595e-01
6.750150272767774240e-02
9.244933181762589047e-01
-4.652313068763405113e-01
3.873965010127837783e-01
-4.582818737551552779e-02
-1.053180074535231547e-02
5.797833785843653498e-01
-9.219753028157171570e-01
9.784166115230958916e-01
8.601509574000847369e-01
-4.841413421751916690e-01
-5.653480458515696139e-01
4.567817655839827573e-01
7.319891641532312310e-01
-3.201505517144340729e-01
2.182506776079451427e-02
8.660965026401674649e-01
6.942283981312764585e-01
-6.467403499041803894e-01
2.784994740200157359e-01
8.213600474383424555e-01
-9.690298679487043820e-01
-8.842651567643398103e-01
8.404501370598891352e-01
-3.902898298159855894e-01
6.399145367924656824e-01
-5.306179315520997974e-01
-5.589222282243047069e-01
4.934797242472757084e-01
-1.906493828956232761e-01
-2.487595462335112639e-01
-3.947174049539148299e-03
-1.180949096086296723e-01
1.040497834665201626e-01
-9.752724539045241059e-01
7.897228154429398739e-01
3.336947563196781541e-01
8.386498830118054304e-01
4.383874482100236225e-01
4.689535564487599117e-01
-9.603956253844558866e-01
8.042094699199753283e-01
6.398769425652774956e-01
3.064652301401737944e-03
7.610337572083683000e-01
8.718846758387814866e-01
-3.726774551203442254e-01
7.594921301244146328e-01
-8.804609565358798573e-01
-8.027368853344751809e-01
7.003949705538004000e-01
-2.059383204208860008e-01
2.499730821312597939e-01
2.474737481973605657e-01
5.146622043035047334e-01
8.735387007135726467e-01
-4.446964907280144264e-01
-6.643297868292497022e-01
-9.916187672424991995e-02
3.404605832395979359e-01
8.086323778872055446e-01
-9.270706864211710752e-01
4.118681898178437883e-01
7.221346135851984815e-01
-7.012537505700691121e-01
-5.518504278378024708e-01
-5.963201885419817661e-01
-6.048876692724383108e-01
-6.200316698064440857e-01
8.407033083092074754e-02
8.323493145561013939e-01
-9.413251416211343425e-02
-6.535237712039656532e-01
-3.956449759798887911e-01
1.493073138861173987e-01
-4.388707123690662737e-01
2.876168513365369162e-01
-8.217481995516933146e-01
7.681517742408123794e-01
5.570764470981750538e-01
-2.231659026467243123e-01
-6.434825715971195237e-01
6.484182760254080247e-01
4.626109879140427594e-02
8.524639995682898874e-01
2.743253088295030118e-01
4.487370733558959657e-01
-6.158867111597923216e-01
-3.680600695065838757e-02
8.730320707699583682e-01
-4.360053036550437522e-01
8.541675411487952285e-01
-5.370525017972436199e-01
9.331096270923480152e-01
5.202177532903833335e-01
3.771701902192197142e-01
8.981738903635669846e-01
5.630855368452372112e-01
7.970468067196814221e-01
5.831042205556820068e-01
3.333771601335773216e-01
-3.343446957807869602e-01
-3.046305183132884675e-01
1.460682134006536792e-01
-4.165006626150751234e-01
3.240854470324894265e-01
-8.964178307491825759e-01
-3.207438364236783190e-01
-9.035680340332634675e-01
-2.239567329915437277e-02
-5.989705853598348284e-01
-6.730373862827210285e-01
-7.918445448476458814e-01
6.476269734030835057e-01
-6.083750248226593715e-01
7.155404055683747266e-01
8.804784607654045914e-01
5.213598290098262478e-01
-4.421616422023522119e-02
9.346196689416212955e-01
-1.723159144171024781e-01
-6.983721261623694332e-01
-3.624869874487832710e-01
-9.602100710175687226e-01
-3.537062707519087468e-01
-4.251410147020204811e-01
1.499508186408369248e-01
1.404716447509211097e-01
-6.631053262183272956e-01
7.480586042900361221e-03
-4.200441432755663840e-01
1.311818116238510079e-01
3.628252194866632419e-01
-8.743003756598812792e-01
3.912863233573122823e-01
5.691586870965670286e-02
8.100543148397307824e-01
4.274629151124398341e-02
7.396976685765532800e-02
-8.913072054944912725e-01
-8.231216429616525776e-01
2.347203788077529829e-01
6.648789513196982082e-01
6.264617754122108195e-01
-7.860354160336304741e-01
-8.893217927671801526e-01
-6.601628902225549211e-01
1.180615080823455010e-02
-5.342465266270912672e-01
-3.129840551842277829e-01
-9.261555489359334370e-01
6.670446684656181624e-01
6.327035531237630295e-01
8.178927304337846316e-02
-3.209915299703680613e-01
-2.769971372898132334e-01
7.372547195126515351e-01
9.662138159181588026e-01
1.636565834291725530e-02
-8.438016480692756005e-03
-7.845154647816641180e-01
-8.985101523017335889e-01
4.827010172318422221e-01
1.396032320625311129e-01
-1.026314922864379753e-01
-3.882366852377097111e-01
-7.121882612393688472e-01
2.445359576980976613e-01
-4.399912455479575435e-01
-5.305425327606250185e-01
-7.547346291646099825e-01
4.481270436980946403e-01
9.528657388691961216e-01
-4.133947835214675237e-01
-4.497154217879011373e-01
2.492868326233848020e-01
8.846001971288386390e-01
7.977572663811538511e-01
-7.727661366873754822e-01
8.583463593595608288e-02
-7.443399842983422499e-01
6.882745720462168926e-01
5.670894038683220728e-01
-8.761117505402769012e-01
-6.787301109648016251e-01
1.436519847512776060e-01
-4.694195796595950210e-01
-4.186078076487693700e-01
-1.521042621154651275e-01
1.970698226068470227e-01
-2.747518110030553462e-01
5.825177349966654816e-01
5.874372779957572899e-01
-2.537081177348259331e-01
-1.903942045044426656e-01
-5.512045591898733221e-01
3.731667752554712614e-01
-6.474807365410784055e-01
6.353677641244481755e-01
5.435225048286995708e-01
-5.746146350963652338e-01
-1.046879130995632678e-01
-8.791776937330484376e-01
-2.453787010808328173e-01
-9.407432187363105047e-01
6.752733153767085383e-01
4.375219331526136735e-02
-1.425271956049203315e-01
7.774819184332271149e-02
3.029419681979561574e-01
6.996828862142834282e-02
-1.946664718828419183e-01
-4.942586120209577771e-01
-9.244241403631723308e-01
-5.047030679673314424e-02
6.627669053276767919e-01
4.228577868429648223e-01
-1.537953536197811388e-01
9.881709626314592043e-01
