9.947550549953183552e-01
5.991005022509021671e-01
-7.225345256123967275e-01
4.213552209196862464e-01
-1.048895349480853056e+00
-1.102685093541014294e-01
5.207446871110288367e-01
3.682457779825746291e-01
4.406216649278928976e-01
-4.349189770935224519e-02
-7.910183665160526179e-01
-6.795447450392710920e-01
-3.360635973032071178e-01
1.961622746807070827e+00
8.876524193658337225e-01
-1.923467301968418308e+00
7.411556225575879342e-01
-6.059539680242094217e-01
-7.960408838175120350e-02
-9.441157646017173111e-01
-1.863352505999625874e-01
4.879726523309895203e-01
6.972044925253428893e-02
-3.488966454407353979e-01
7.075846160673626706e-01
6.338333826797064585e-01
-2.128854955248209446e-01
4.218528234347209693e-01
5.722426552729762417e-01
-1.535855583551833381e-01
-3.581674513204382571e-01
-4.036824195265076298e-03
-6.457701755488314266e-01
8.144676051414554419e-01
-1.939306071169164758e+00
5.195319497544064191e-01
1.987989024084968470e-01
-4.860761447536618984e-01
2.055858693881119414e+00
3.927026664451882532e-02
-5.697129813790060560e-01
9.341691688521389647e-01
2.953075639636276728e-01
-5.064902587815480750e-01
-7.344946857083841651e-01
4.112947229962875539e-01
3.150354954721059642e-01
-7.883902444391059916e-01
-9.362233974637561573e-01
4.228376074708166676e+00
2.458676607092009636e-01
-3.397400070072700284e-01
8.366114485223230535e-01
8.098719143021375633e-01
8.355224305165744880e-01
-7.600056601068718720e-01
3.974191825692423574e-01
2.716362698177078538e+00
2.091172554698816910e-02
-1.046500397810489424e+00
3.776785307017895832e-01
2.040737431947570180e+00
1.403421390741004249e-01
-1.345929972405499608e-01
-3.571498059094553312e-01
-9.535928498787693552e-01
1.596353662259548001e+00
-3.242093300353749985e-01
2.526125190696303591e+00
8.971932976943317595e-01
-1.192427459909446430e+00
2.068183186125868822e+00
7.451259750889693834e-02
-9.373607405339239307e-01
-1.115204792173530635e+00
1.572539880788862421e+00
4.963826438734073587e-01
-5.147637764845498509e-01
-2.491217932928115886e-01
7.539272364940940996e-02
1.631038360280430144e-01
6.747559953737241045e-01
5.783061741610697748e-01
1.055628025962987548e+00
1.883952346441326586e-01
-1.401261465219873770e-01
-2.294910563752339261e-01
-7.280700149550236588e-01
3.535434840964608583e-01
-5.163200798294629301e-01
-6.904018376616993802e-01
-1.373510963524358530e+00
-1.559351193381630640e-01
-3.785491688633428886e-01
-8.262835927443821227e-01
-3.148795455379513886e-01
-7.360409047005160854e-01
5.405624621774220984e-01
-9.203912645886425103e-02
-6.228066341740288170e-01
1.562424275322309875e+00
6.431389224999952692e-01
-5.721184733543305256e-01
-4.362174734126185172e-01
-8.404006576826665853e-01
-5.537842246516540001e-01
-7.685281089641107233e-01
9.625665177873434786e-01
-1.639718041360915812e-01
-7.688802205689402314e-01
1.426930782026453182e+00
-1.403001794652447565e-02
-6.382801735165904988e-01
-9.457063025227738784e-01
5.737492937704393725e-01
-5.191069212629801921e-01
4.964353729643944391e-02
1.125568457233422803e+00
-2.160252103125683831e-01
-7.259698034749697548e-01
-7.525027356879834262e-01
-1.723317497063268089e-01
5.693092795657326288e-01
-8.451023800198054214e-01
-9.765947295922052795e-01
1.709609904049524509e+00
-2.764083668605465505e+00
-1.092182916055446817e+00
4.517066355029195068e-01
-5.292673820268140039e-01
-7.922555534627920837e-01
-2.910786954000783577e-01
3.930828506718406778e-01
-8.789221907160877922e-01
-1.649732765402992074e+00
3.355992827198577277e-01
3.636286663546985931e-01
-8.030150632101673569e-01
-1.515080497393128667e+00
9.454414533955413091e-01
-7.716577359030660777e-01
-4.579612708384672715e-02
-9.561537975659160082e-01
-4.691649229961103451e-02
1.012826908210417765e+00
1.273311137842570995e+00
-4.094843744517470796e+00
-1.377537777137083363e-01
-4.792291140208241318e-01
-6.426982047523390751e-01
1.724177548965921680e-02
-2.961038850627093488e-01
-4.533431062390388400e-01
4.603053849826821420e-02
-1.106606686028444031e-01
1.549353967627881579e+00
8.495883532001913263e-01
9.940962626713993888e-01
3.105607365210264481e-01
-8.401623813350755920e-02
2.004188688363852666e-01
9.600412351200308114e-01
-1.309065819752562643e+00
2.772509147616171177e-01
-1.438486713941475870e-01
5.476170005055644996e-01
3.092626145365640067e-02
8.857015043547961097e-01
4.433747878045431468e-01
-3.872698873025728905e-01
1.227397589335213812e+00
-5.795599089639330570e-02
-2.004255299982339977e+00
4.888627820497326582e-01
-1.307060711548243548e-01
-4.743624058816136024e-01
9.869722658741197918e-02
1.419609293005641426e+00
-6.331724387990266267e-01
-1.617162725603285889e+00
2.781341197775799579e-01
1.026292479505270139e+00
5.078935216850378742e-01
3.901777421399249546e-01
1.602167730829698211e+00
-6.350941012871622604e-01
4.549738226335753311e-01
-4.852857969051787013e-01
4.798062058681829001e-03
5.403660736358744110e-01
-2.295297880831443926e+00
-1.701858264791222819e-01
-1.216233231976662221e-01
6.458277370713321197e-01
9.435398935857113312e-01
-2.405738982270677617e-01
5.254344350798556551e-01
-1.903790166350454172e-01
4.809027334254078467e-01
2.185756302486416836e-01
-7.131115035472546104e-01
-1.667638507414638038e+00
-1.046999214878723716e+00
5.857035324466821624e-01
-5.521361485582036988e-01
-2.758330390127414211e-01
9.982594080180671181e-01
7.861601224753880235e-01
-1.979782561302289690e+00
-7.203915461486056770e-01
-2.184577841961775402e+00
-6.361230025067534655e-01
-3.376413596202691991e-01
8.549796742062119037e-01
-7.830356128928572801e-02
2.092352433328340311e+00
4.452736296452234344e-01
-3.451552758447586911e-01
-9.280357330807657013e-01
6.123513815640106994e-01
3.545019925122822602e-01
9.216848014748406648e-01
4.731769938280996346e-01
1.441561065263508024e-01
1.834556619383794995e+00
-2.857552999217097267e-01
-2.920708570278327532e-01
-2.566573616069763641e+00
1.000259613309571805e+00
9.518209966367980890e-01
2.098650897923776126e-01
4.474593026967418341e-01
4.561686524318832037e-01
-6.397607597487664499e-01
7.311920536806573168e-01
5.697128398421518192e-01
-5.200391994463871015e-02
-1.232484323700149931e+00
-9.027086225769713757e-01
-9.767064486593086681e-01
-8.394223081752593130e-01
9.061855098874294079e-02
3.855530083396507823e-01
1.065046769591984632e-01
-2.415414488641742352e+00
-8.937326342842448756e-01
-6.236265316436915285e-01
-8.930189382252708974e-01
-4.805796980520316009e-01
2.778446578643921860e+00
2.226080786937514322e-01
-1.974752231917797918e-01
5.910599642030427425e-01
4.508856786190932331e-01
-4.222348539723630445e-02
-1.373917063860626842e-01
-2.647988102063001392e-01
-4.875669254882255554e-01
-4.087233627587223417e-01
1.737979734886898608e-01
-2.462335460727065328e-01
2.761662193769196527e-01
5.027365599564723730e-01
9.276380426308326044e-01
-7.657770065817046667e-01
