-8.430813243717752981e-01
-3.125782387276454521e-02
7.077176166748286867e-01
-8.184383517371487393e-01
-1.207411262270918106e+00
-7.087561944763889343e-01
-5.616630290162427652e-02
5.516102235445650148e-01
-6.717767172786801577e-01
3.974896727304205180e-01
6.754903905958948851e-01
6.173504125109441354e-02
6.958900123981159869e-01
-2.815945271050440679e-01
6.801362475721942635e-01
-2.952669024679516419e+00
2.020388924691784105e+00
-1.201200600228680138e+00
-9.179650820352114327e-01
2.027245376938145993e-01
3.556726094982483044e-01
-7.720041661379946074e-01
-3.368427910830067429e-01
1.078848205911904223e-01
-2.701852643509192742e-01
6.330252178599171664e-02
-4.577563256071113251e-01
-6.635608710569431690e-01
2.185337398572159973e-01
-3.650384518143383605e-01
-7.161672415832207594e-01
-5.178821684541901060e-01
4.803274128643817420e-01
-1.206988127303840974e+00
3.259572822566128014e-01
5.065609352463695814e-02
-9.667915315479882477e-01
-5.207597498839515726e-01
-8.644768966993410242e-01
1.279344003553680054e+00
-1.323610946804467670e-01
-3.933854951832604918e-01
-5.782832355735765262e-01
-1.321123460648628622e+00
9.227699555059245551e-01
8.033600534725402476e-01
-1.500990900100509506e-01
-1.786008711002361915e+00
9.284457561712455842e-01
-5.532007210700133903e-01
-1.250181893238414554e-01
-1.681776224355359783e+00
5.061291969033916427e-01
1.438833165123853952e-01
1.415587078422190892e+00
7.958583704932209457e-01
-1.451743708848194370e-01
-6.785533826732534912e-01
-1.968048096037875450e-01
-1.381065182912017963e-01
6.452208214782717555e-01
-6.291278477896822263e-01
-9.636564486833021359e-01
-1.027912162966455600e-01
2.895049023266410559e-01
-5.323649918024362382e-01
8.168479777473963699e-01
-6.651183065784249671e-01
-3.923140228377850480e-01
2.722271779161355987e-01
1.625133406125967017e-01
1.482256383684954493e-02
1.930803107930811890e-03
-1.636564053547627795e+00
-9.095856196845537589e-01
-4.771788696283992826e-01
1.006490206470367577e+00
-2.453817089248306438e+00
4.601126847661193286e-01
-1.530460259607291373e-01
2.209323018310558329e-01
-3.742852846854480831e-01
3.915223291939577965e-01
-4.976456112873826054e-01
-4.469001041078439762e-01
-1.124933621336701162e-01
-4.306630338691621596e-01
7.240842871130357405e-01
1.814912937443209362e+00
3.996399089535657367e+00
-4.366707663067370682e-01
-1.425028388772269228e-01
-9.696675718128677790e-01
1.857535059325784887e+00
2.731031357986308805e-01
9.641041301243078454e-01
-1.490743605213538547e+00
1.429240351115290686e-01
-2.112042095899307359e+00
6.486842939063235391e-01
2.148950168870329414e-01
4.989556585368710717e-01
1.177443542317470726e+00
1.325001979885681358e+00
6.419160357803337380e-01
-4.438158608066453126e-02
5.717839655757896988e-01
-6.905998485320052893e-01
-2.150191315680669568e-01
1.041299385954695733e+00
-1.773735615068292581e-01
1.738588557543014890e-01
-7.774617679839543882e-01
6.284062165544852530e-01
7.493140346563331722e-01
6.770510628254242658e-01
5.106639972414892537e-01
4.237262374035455359e-01
-1.129940675830670704e-01
4.741443890840892905e-01
1.307355783463473031e-01
7.376841448399067414e-01
-3.572014585632928840e-01
-2.586798343950582613e-01
-5.468462285959898583e-01
4.706872541038485958e-01
3.486861682460433709e-01
-1.567097289583923025e-01
-3.452221203491736556e-01
-1.661250391959594896e+00
6.405605050027752823e-01
-1.735503342719657560e+00
-8.767468409208256652e-02
-5.375758232505469802e-01
2.006088591251098840e+00
1.104922395654278411e+00
-3.896034160568903060e-01
-2.851259942141226578e-01
-1.629098403495853553e+00
-1.067773327739887534e+00
-1.611828633989123016e-01
2.693086697085351755e-01
9.729585901962585215e-01
1.500782080742835145e-01
-3.447486203058380827e-01
-1.527449019186961632e-01
2.428013295343232514e+00
2.473950068325186380e-01
7.176424530171889860e-01
-8.472925583898631707e-01
3.390403632259715305e-01
3.292825750833534570e-01
-2.686505110619095138e-01
9.751517623338039620e-01
-4.744636577026399848e-01
2.642533838576407446e-01
2.977727631413373821e-01
7.593132154561883507e-01
-1.048791070669773395e-01
-7.656279993104806447e-01
-5.937944297127268900e-01
-7.176736302150497071e-01
-7.510609346373240403e-01
-7.965933463089187594e-01
-7.696690800926953013e-01
4.740201218937052374e-01
-1.553375156820226533e+00
-1.562059520286714243e+00
2.105947315317981072e+00
1.227693575818758820e+00
-1.262041321848659470e+00
-6.069976093188862443e-01
8.210755990856830611e-01
6.885451188760428609e-01
1.480051710679004762e+00
1.910857786173201234e-01
5.996363771137253051e-01
-1.821705097114465488e-01
3.404823760076909345e-01
2.983790104992203318e-01
-7.225314244655718365e-01
5.907319954172537413e-01
-6.408310468830851203e-01
-9.887020015610259449e-02
-4.740661900822650265e-01
5.356863117896915050e-01
1.173065731668076817e+00
1.141443056018560220e+00
-7.464498508378545338e-01
-2.706433790211695278e-01
8.797146217187237216e-01
5.842551603477192934e-01
-4.110614505969173438e-01
1.543862954115948760e-01
5.129659850953001143e-01
6.729817416099261873e-01
6.480634380370811076e-01
6.902403500936986624e-01
-3.745785859301771215e-01
-2.814460626998727122e-01
-1.697350762913971245e+00
3.642398643933981717e-01
6.258250593072494095e-01
5.298379605527798741e-01
8.658631474656230953e-01
-1.135937130246040816e-01
-1.426808957996716920e-02
1.420879198240956320e-01
1.738810070063659730e+00
1.111867832807192258e+00
-9.257610896846517612e-01
-1.376970676125013782e+00
-3.239743663297247611e-01
-2.366741627235735557e-02
9.580468310862852999e-01
-1.184794008030788937e-01
5.579713948642619492e-01
-8.270224349787718143e-01
-9.046763331623226545e-01
6.910905387175840797e-01
-4.098188658618455715e-01
-5.063833754084059446e-01
8.558387330583061559e-01
-6.216421505191465080e-01
-3.833454844047965437e-01
-4.617715079344619777e-01
-8.431563914259740944e-01
-7.759616662176903601e-01
6.065066065776327786e-01
-1.329313781098620417e+00
-1.353491794906683809e-01
-9.151549458970990036e-01
7.188481207990971011e-01
2.421853816402830262e-02
-4.286244501132212559e-01
-1.192445079473371639e+00
-4.058735125390582343e-01
1.372596783721128588e+00
-4.862857894679186721e-01
3.958844177495820515e-01
-9.841675160672278544e-01
3.025358408945068689e+00
3.786620038480135175e-01
7.590731637036851609e-01
-2.985202100770929512e-01
1.597753057871027504e+00
1.433420061247945299e+00
5.601088008441039712e-01
4.100018825806595046e-02
1.428185673353539853e+00
5.172181593743334638e-01
-7.290690724473389839e-01
6.778863190785360260e-01
-8.319382012280779337e-01
5.860207775549467479e-01
6.972080518331706944e-01
9.372220355512264067e-01
8.441605439316783588e-02
-2.446120259101713934e-01
-7.384860699646194071e-01
-1.466160390260155433e+00
7.016533936741775612e-02
9.913969934320969735e-01
3.385249790617752552e-01
6.553110461493656391e-01
