-6.037352759955316728e-03
-7.247394056497635795e-01
-2.937669336155646072e-01
-6.581411124437035465e-01
-8.254807261981260691e-01
-7.100417810355665882e-01
9.531765033630910100e-01
5.724961573492830524e-01
-9.397037790101889776e-01
-1.628565050768293609e-01
5.686914119119075295e-01
-1.306298108014340986e-01
4.057105897585315812e-01
-2.352093606831751060e-01
4.810162623700100504e-01
-4.432718046571337833e-01
7.640725405412016613e-01
-8.114770983783838876e-01
-7.550284439010019888e-01
7.334199608150142602e-01
-2.048485675122730942e-01
9.137917231799939088e-01
-6.326123881997824938e-01
-2.681468733720580033e-01
7.094015650682370389e-01
3.469711132941122322e-02
-4.223691535141018694e-01
7.625117018081883913e-01
-1.964074442768082296e-01
-1.406247068861610217e-02
-4.387265191297620159e-01
-4.299642650021353596e-01
8.379802233368196518e-01
-8.404597773750790424e-01
2.676879861092955615e-01
-9.688129462923678048e-01
-6.599431580390615615e-01
-3.181619311499741531e-01
8.989429623341438358e-01
-7.517333256969620514e-01
5.659063729480893201e-01
9.046650778458993347e-01
-2.507898842625559954e-01
9.041042033754289609e-01
2.126234198360910099e-02
-5.251646738133437520e-01
7.002329514062552995e-01
-6.266665923764840329e-01
-2.611660791116474645e-01
8.140958374553042276e-02
7.205743343258030897e-01
-4.546660337450461054e-01
-2.020069353542903734e-01
-2.435569838566851164e-01
-8.735821900153659669e-01
5.384566283086111849e-01
8.775272330042287461e-01
-7.712514402874117714e-01
-9.792224719078834738e-01
6.036360422499518208e-01
8.132348581482300443e-01
-3.740799682714803787e-01
-5.959973407597352058e-02
8.684277254936081381e-01
8.370765459261397812e-01
4.238668645138656821e-01
-5.954790299307455292e-01
-4.298032114829692940e-01
3.945473533353693885e-01
6.433354589690654102e-02
3.099392779479670512e-01
7.045885103525060256e-01
7.377579074441720230e-02
4.738680825479912873e-01
9.507406921411190037e-01
9.603815031146754055e-01
-1.538150946310070655e-01
9.093108031336016861e-01
6.073056286575142515e-01
8.754035819636256655e-01
9.967926830107158853e-01
1.197586555629785998e-01
-5.390311910702481057e-01
-7.621020702389351698e-01
-4.068236761010366465e-01
9.723667841434058268e-01
9.335807640836806254e-01
-9.887089778662438988e-02
3.673818095002712170e-01
8.207303692462473155e-01
3.152021944065535042e-01
-3.622110177694544131e-01
8.516108946905938115e-01
-7.352364620005635842e-01
7.394934437907596525e-01
-5.737098924716022008e-01
5.409907062061201088e-01
-3.771782539675294643e-02
9.023530307845224474e-01
-5.118347879899940445e-01
-4.680182177025555834e-01
6.063050678206947097e-01
5.033461589049927909e-01
2.484958673603692159e-01
7.916434751775387468e-01
5.846757961355597555e-01
-7.936224092908970018e-01
2.074989244565492719e-01
5.282840886544635239e-01
2.490019292390945882e-01
2.452851773924205059e-01
2.446082424835267499e-01
5.333054358135094208e-01
4.409043990173739935e-01
-6.844067596255043462e-02
3.104548102337489901e-02
5.621033275326172696e-01
-3.752623457181341049e-01
3.339338828590237007e-01
-3.780724817117642189e-01
-4.334825557223132009e-01
-3.870879207014197299e-01
4.526563664655578467e-01
-5.407646806834358610e-01
-5.311397926534451308e-01
-8.058112698583437261e-01
2.866504884687437471e-01
-6.966123027236204024e-01
-7.470959468860403074e-01
-8.081708920308774413e-01
6.187481534420478102e-01
-3.912667195162304878e-01
1.177714909383946740e-01
1.545136228700898506e-01
3.071689128890442433e-03
-8.421178395954591611e-01
5.413669295555414429e-01
1.640293398215619813e-01
-8.349974270655069475e-01
1.445831411351670148e-01
7.747430235574128687e-01
1.657389673304612288e-01
-7.701910806105503049e-01
9.535923741073415449e-01
-8.760502383565698103e-01
9.911404491255599858e-01
-9.263017557565822457e-01
8.350956577465353803e-01
-4.920153290969133675e-01
6.498412160024062967e-01
-4.458940434856433210e-01
9.460080159810793088e-01
3.395704214971262402e-02
-6.091870110887236400e-01
-2.294676015029868399e-01
3.639097310056618184e-01
-1.124823963330940924e-01
-8.953061859037920733e-01
-1.640397845316992065e-01
-4.776909529553563516e-04
2.076228469723697678e-01
8.684464358328205513e-01
-7.135844304434246776e-01
-6.776120443903055346e-01
9.702941933430604404e-01
-1.806107434701298420e-01
-9.683883068421150764e-01
-6.628331058719763025e-01
-2.996708895808672946e-01
-4.066330514063740686e-01
5.597872019841521052e-01
-1.368674137705054861e-01
7.376756374653132831e-01
-8.939102698012348913e-01
-6.052227182831528829e-01
8.281073314733526924e-01
-8.131846239568956136e-01
-4.540490979588596154e-01
-4.110614955656555214e-01
6.836259656386383110e-01
-5.127960470452919139e-01
-4.473660881109451370e-01
6.792779462314242345e-01
-3.136414364113611075e-01
-8.507881472633593845e-01
-1.377626724019886950e-01
5.838408159930710273e-01
-8.969416418957096848e-01
-3.919158508812259356e-01
2.554672452466322241e-01
7.762757517156866349e-01
-6.675445355994868990e-01
-4.432639459649578839e-01
-6.986914800465726660e-01
-2.461663957214212939e-01
8.845029240809878512e-01
7.125027315437486575e-01
7.724850551574407032e-01
-9.897133197498109158e-01
2.917187072158007322e-01
-7.557583464415156271e-01
9.476044468825661760e-02
-5.402140763833471748e-01
-9.235723023169304380e-01
-3.942051663430208297e-01
-2.183993816742131333e-01
1.284767274843259255e-01
1.343219832348898635e-01
3.820252276191142826e-01
9.040525199281632673e-01
3.291545582917965174e-01
8.918457781845356980e-01
-1.224306222218940476e-02
2.747487969879727210e-01
8.832921439713881107e-01
-8.077950001443896522e-01
8.612430627080651657e-01
-9.117762684343175827e-01
5.625915068193843016e-01
-5.008131065960941264e-01
-9.091773805196434743e-01
5.849935582256835520e-01
5.351970083738457618e-01
-1.956725639549032891e-01
-3.303617945973087444e-01
-9.414992328282121292e-01
6.463809704470930839e-01
4.196857149075832183e-01
-8.265978011833559069e-01
-1.185318163789994550e-01
3.842323252045609649e-01
-1.673208626054916159e-01
3.981375551520560663e-01
-5.872352064306567421e-01
7.405953300998708855e-01
-6.907122191561370084e-01
9.416098635689733598e-01
-6.486215410351956479e-01
1.487343535394010097e-01
4.138991911798168832e-01
-3.270160896105878123e-02
-9.251466807460539954e-01
8.338480127315133217e-01
-7.938584845139786683e-01
5.724609999059186993e-01
-2.023818920426823098e-02
1.929717214838879702e-01
-3.746651792137603021e-01
1.866940797500933336e-01
-8.656959193917150852e-01
8.740208917555494228e-01
-2.699468683949433068e-01
-6.274988460079713448e-01
3.755813207438603030e-01
8.257584867911551552e-01
9.484032789029244181e-01
4.899097753171925973e-01
3.580871568014518669e-01
9.627795750317076351e-01
-3.097547466961239060e-01
-3.848400694138778277e-01
5.568365952851719314e-01
7.852867627361279634e-01
1.681210587735766371e-01
-6.443832144162886522e-04
