4.698352895725625422e-01
-7.335387744136172561e-01
6.037147186052763681e-01
-1.963889272087373516e-01
-3.464951777064173566e-01
-1.215446505677418187e+00
-5.557552795653277755e-01
4.696255064270518642e-01
-1.977801048016235574e-01
1.888667069118928898e+00
6.455424503889088950e-01
3.620026534886981118e+00
8.018863128566897647e-01
-6.736219845270372542e-01
7.666068556894594099e-01
3.275508520071093166e-01
-6.235028636087716070e-01
-1.155596641171736660e-01
4.832659962048859725e-01
1.623138480890616631e+00
2.538312998881513405e-01
2.840098759889306379e+00
5.684395014645652333e-01
1.807638917203841178e+00
4.441349386388080411e-01
-1.895510582294142488e+00
-9.624234621009517543e-01
9.243952040084824073e-01
4.140450700046388599e-01
8.624968530825365409e-01
-4.894895624535067213e-01
-2.612290184424532757e-01
4.763271814282377115e-03
-1.268228499392288100e+00
-7.200569871310569248e-02
4.224581953937640577e-01
5.132373829008685107e-01
1.566925142722537911e+00
1.318651138005801693e+00
3.247860285475210468e-02
1.332132889771782125e-01
6.737776076297179451e-01
-9.551988116537732942e-01
-9.254237229860675651e-01
4.922507501883262027e-01
2.815968189617177764e+00
-3.326304547381297105e+00
-5.357058469792403965e-01
-4.958578721518929200e-01
-4.635181368406100511e-01
2.214282736032144872e-01
9.604223020848716708e-01
2.315338383567572933e+00
9.181858395169855136e-01
-5.589987206718876056e-01
5.913305603833456381e-01
1.230500620156606884e+00
-5.853000816164073417e-01
2.224588470568700238e-02
7.669908895646850855e-01
-5.074640092672371150e-01
1.421138897763375430e+00
-8.484045953751564451e-01
-7.787753844641227552e-01
-8.566251510123314983e-01
-1.291875303048037438e+00
-4.643040865414198581e-01
1.913083727071275053e+00
-4.168305745246972949e-01
-2.933406598762668960e-01
-1.123152803147668966e+00
-2.967184122670454283e-01
3.928647201593229443e-01
-2.772459892472933785e-01
-2.266006773039677125e-01
-8.800943164984912359e-01
-1.346295018877259331e-01
-4.516944972438730055e-02
8.217921008366861901e-01
-1.045046723546906309e+00
3.285073920375707335e-01
7.310193693322715180e-01
-1.528620368211772496e+00
1.385990676949653722e+00
2.044139561347873002e-01
4.277806900479659280e-01
4.353333821634140510e-01
-6.959922592114287099e-02
-1.660963268094732270e-01
1.546290583214889658e+00
6.907072504881346386e-01
-5.764065922853751633e-01
-5.245954870226181566e-01
-2.195741451975782077e+00
1.362109762662346402e+00
-3.587942818488882857e-01
1.930117679722040069e+00
-1.284065156365809202e+00
1.606468731112671300e-01
2.318572116111430326e-01
-5.019320671583644700e-01
1.188119725001252291e+00
1.004150122085153418e+00
-4.673223034917568519e-01
-7.007669680083448149e-01
-5.976843480711955259e-01
-2.092057070059291646e-01
-3.520868393799145846e-01
1.726813306015869243e+00
1.417804873042197156e-01
-1.699960537000154703e-01
-9.188076747594142724e-02
-6.467198151959467900e-01
1.044929171241224530e-01
1.882474009576771135e-01
-3.155864735607720739e-01
6.621140791079158650e-01
-8.446484036968047171e-01
5.680378625109419044e-01
3.146181345076671798e-01
-5.223884321530738450e-01
1.022727288567046866e+00
-1.264178454669559581e+00
1.124347231211431541e+00
8.950416058160419741e-01
-7.353416589877537213e-01
-4.476213657965371073e-01
1.735834144310974381e+00
2.487213817161627372e+00
-6.497501576017967739e-01
-1.172663134186127110e-01
2.327693811670445534e+00
7.057655513837771677e-01
-1.437543416947185460e+00
7.063252695213373400e-01
7.336457768110189459e-01
-4.410755215113948413e-01
-8.975179885517501344e-01
2.373241985858433267e+00
-4.588739234979476445e-01
-4.440516974250225957e-01
-5.784116042044546990e-01
2.173365454315090428e-01
-1.224883811258490329e+00
-5.332619196944292650e-01
4.333235523029653757e-01
-4.537367471008559860e-01
-1.836799585430744175e+00
-6.101617215377488357e-01
-2.961565989688930145e-02
2.623947641185985780e-01
7.849229023837593910e-01
-1.891183157399473291e+00
-9.500813249151167650e-01
-7.708384245541595181e-01
4.010807122945338143e+00
-7.953380837247308044e-01
-5.823973921976410839e-02
-9.958470167257543748e-01
6.674067882779899374e-01
-3.098388396699713887e-02
4.944676897380478331e-01
-3.150835729993382017e-01
1.447411981532693126e+00
7.048344566329522998e-02
-8.856157560957671482e-01
-2.553595138274546983e-01
-6.257519101256312499e-01
-4.118136381699658566e-01
-9.353880183831222439e-01
7.529602551815930411e-01
-1.486881226923201016e+00
4.536407622455673749e-01
1.968845130612064676e-01
-1.559836449045441942e-01
6.921680941442471813e-01
8.016956441747957740e-01
-6.721855987234603980e-01
5.165096362636822924e-02
-1.335841774668502513e-01
6.817524509091006379e-01
-3.877036172964436478e-01
6.811071131827004521e-01
-5.915122628113798076e-01
-1.827406658953654173e-01
9.233094898527465233e-01
4.927718803539313797e-01
-1.832887477676687915e-01
-8.026078556276106113e-01
-3.265207532941454271e-01
9.218026802458951785e-01
5.948790640341659053e-01
9.405069879926064580e-01
-9.076027665839063729e-01
-5.915549273161877508e-01
-4.276881026581616507e-01
8.293106635554410300e-01
-2.738196087810165213e-01
-6.670967438936747929e-01
8.123206726060774319e-01
-3.828194661282664502e-01
5.596463942228635524e-02
-2.453979420580232329e-04
-6.866561058041349419e-01
-5.345782090819128918e-01
-2.289878067018941366e+00
7.234820762401865668e-01
6.356552224266489581e-01
2.873639283167095382e-01
1.661348802706787975e-01
9.802965123132860725e-01
-4.363916653058219630e-02
6.292351155447992728e-01
7.043724992577304889e-01
-3.550948895570016361e-02
-1.825169973134870283e-01
3.152628591313046957e-01
9.715856753006124613e-01
3.865820728040936238e-01
-1.286608440147458676e-01
4.214860964826876444e-01
-9.379287978555514993e-01
1.299329368649516425e+00
-2.346690420273986888e-01
-1.275726795616028753e+00
-1.563165333144543201e+00
-1.482566908559853180e+00
-9.777426150488075507e-01
6.055613642016076659e-01
2.471767847380302585e-01
-5.666666256159660353e-01
5.076821174733980868e-01
-4.619114385219842411e-01
2.310026883992597924e+00
1.628616836245116772e+00
9.447534398989034798e-01
-1.296355580090691184e-02
-4.027084693464400011e-01
-9.431438895372548092e-01
8.998052063892987285e-01
-9.705860600128728422e-01
7.834157999521826898e-01
9.904685659949853394e-01
8.922065415911970554e-01
-4.472166000889794546e-01
-6.377174016859982197e-01
-2.094849143636861033e-01
-2.657777726896224380e-01
5.949469749500171378e-01
-9.152706227936211469e-01
9.955500488743549425e-01
3.142958772338616535e-01
-1.044879062231898470e-01
8.527761423427582255e-02
-1.010719677272865935e+00
-3.510021912961115986e-01
4.388489625850644504e-01
1.948392067605785094e+00
-2.104051788987091332e-01
2.556695290984456470e-01
1.054312724556150105e-01
6.921365277011961581e-01
2.854917987136063040e-02
5.838535729140211794e-01
1.874620973540759294e-01
