-1.888863575876407186e-01
-6.391251394297570165e-02
1.219002530864132794e-01
-4.369643366563269460e-01
4.696016678048862136e-01
9.313349406158004662e-01
-7.922581257659055964e-02
8.463296152811803363e-01
5.944400096386250887e-01
1.468604123779268189e+00
3.545617483906624123e+00
2.183018297821113229e-01
-1.350979011505049066e-01
7.438296142335056871e-01
-2.195891232682192218e-01
8.619376571081991401e-01
-8.603608783160814344e-01
-8.932956352705376801e-01
8.140334723580555654e-01
7.766407258922241041e-01
-9.496758731869996417e-01
-4.676459581284932998e-01
-8.657560981382091125e-02
9.687832798226683195e-01
-5.540312225220112019e-02
-1.150536294492056744e+00
-5.571630075092557366e-01
-2.607762912626518936e-01
-8.782430681010466866e-01
-5.291301397649836868e-01
-7.173067087933622243e-01
-9.520466976537214077e-01
8.161549142360704501e-01
-5.064112805184040056e-03
-5.735342876736764239e-01
1.842445594107342266e-01
9.780994772414250971e-01
2.271617739858067253e-02
-8.782333054390831784e-01
3.467361604335892356e-01
-3.865125259854362838e-01
-4.748014616097169238e-01
8.343147753549435830e-01
-9.729674233780087889e-01
8.420505036730119297e-01
8.164260224730959248e-01
-3.755574829389045632e-01
8.255547076389448957e-01
-9.425588388903394232e-02
5.449857172000425187e-01
-8.412192025181464139e-02
-3.900554441089723046e-01
4.473387672644710822e-01
-7.863166964012262561e-01
6.046212526228296191e-01
2.642329477597242793e-01
-9.567149498484641690e-01
-3.264032299784498381e-01
3.033738655572237874e-01
-2.015629352714554123e-02
-5.265253142366785877e-01
8.396296313912994247e-01
8.161297609581152912e-01
-8.206584289671681187e-01
-9.147451102453447724e-01
-3.573919958195108659e-01
-2.499492892702102065e-01
-7.235521431808706883e-01
7.407469008616549555e-01
-8.891574977632374921e-01
-6.338054917039290803e-01
1.536483049620855024e+00
-5.419550581824899016e-01
-3.777253927190351579e-01
-2.273968827604524900e+00
9.844811560591859578e-01
7.655035408091492855e-01
3.903124739817609434e-01
-1.843490145476871511e-01
4.349775648007341289e-01
9.070674685093913503e-01
-2.856057763310220210e-01
1.194757996547973322e+00
4.813932847854656139e-01
2.053675926979625199e+00
4.862607117315966843e-01
5.246478387794137888e-01
-1.698747977820076471e-01
1.921238228218471455e-01
-4.147366867079380626e-01
-1.424665444744075415e-01
2.890165610274633146e-01
8.518018067902148882e-01
-3.667392951413841473e-01
4.746934621147387290e-01
6.359034829563521285e-01
4.737636957382918013e-02
-1.644515568518498894e+00
4.376898013075766203e-01
-4.699714371086574083e-01
-1.592086877764527619e+00
1.491454893587731423e-01
-6.534898637445218927e-01
-3.222524868027039080e-01
-5.234614366668590701e-01
-7.928047190931852839e-02
-9.182059697210576132e-01
1.519708467435874066e-01
6.156399966548198321e-01
-2.920651335045594266e-01
-6.163808749232657647e-02
-4.274391951249187915e-01
-9.647347943030299966e-01
-6.742304238206269229e-01
-5.274221790667874554e-01
6.628119690815663656e-01
7.343542365307946795e-01
5.973509429158248007e-01
-4.429572174612401714e-01
1.051887880931261732e+00
-2.472493343036694657e-01
-7.398950993875703652e-01
-3.177856117634760835e-01
8.535366569561873007e-01
-5.680701483299830379e-01
9.413502855249622492e-02
4.502024673517190934e-01
4.116751291989257933e-01
-4.324473060736870877e-01
8.954896688601829968e-01
1.588777762530280135e+00
2.226767711693817819e-01
-1.276171627109317086e-01
-1.873909952418384428e-01
-5.124508690693578838e-01
9.051980231437710689e-01
2.201660965572151962e-01
1.114573829869437871e+00
-6.150080731604072870e-01
1.684876978846250317e-01
-9.290163181871968767e-01
-1.050181058456398420e+00
9.242196784568785795e-01
3.074983882456026052e-01
-9.180211697088649370e-01
8.382829514151159955e-01
-8.494014932218385550e-01
-9.228411099827338315e-01
-2.336948677208159353e-01
-4.657047654184478525e-01
-2.026275594394419954e-01
-1.258561019246837720e-01
9.288093754809390035e-01
-5.888591688532551771e-01
7.682787858732140762e-01
-1.484596010358018914e+00
-5.474057662176945449e-01
-8.413591700615334901e-01
-7.366823960218700229e-01
-2.618755074503664737e-02
-2.833890858414684910e-01
-6.332734057814843887e-01
-8.655455688785758106e-01
3.467541823901973963e-01
-5.151938240281757064e-01
-2.916084855863973480e-01
3.055049000360425815e-01
8.131574007273852933e-01
1.075466544796335189e-01
-1.561766990670088173e-01
6.548934167497604264e-01
5.263989727471034552e-01
-4.599010801743209642e-01
-2.925032360201162973e-01
3.603089416827960356e-01
-5.688080518753342307e-01
8.099697948811985793e-01
-2.048242096033217052e+00
2.710404030013886523e-01
1.644187739922944314e-01
-9.788614708241787365e-01
-6.699167168147577289e-01
-1.738571277636336010e-01
2.032096267564265091e-01
-9.974554140183022888e-02
-9.927714535903189308e-01
7.238908022164831646e-01
-8.180716401016047135e-01
7.988669290194612138e-01
5.989120346763594505e-01
3.597141143416906495e-01
-6.296572021946205133e-01
-8.770892880418978965e-01
8.921629963174440014e-01
-9.203952658656735508e-01
-1.739615327298242642e+00
5.472009318657213850e-01
1.525575617565683162e+00
4.335524689842114032e-01
6.664311469488981565e-01
8.702237208434513427e-01
-4.371167939998987784e-01
-4.147110519257259931e-01
-5.752413289924791506e-01
9.893423153669449466e-01
1.584580531302171025e-02
-9.618637238393308309e-01
9.041316814765070209e-01
5.867899414179003070e-01
2.915029059071154727e-01
-8.400836568620404510e-01
-3.690998806410363819e-01
-3.439371565447442158e-01
3.332674882512125514e-01
-8.506449403555151889e-01
6.275397454504889616e-01
2.429028572577498490e-01
9.895394089621154521e-01
2.573443863963804645e-01
4.698391445428498070e-01
-5.009159662613837938e-02
8.867348952584994670e-01
2.886186304115587742e-01
7.864315581676275535e-01
-1.778322389689748206e-01
-4.247740684724308213e-01
3.652945546236572305e-01
9.288173463900457616e-01
2.397185491715414507e-02
-5.825776353636902272e-01
7.698155910688846415e-01
8.177833850005737926e-01
8.326249262304286081e-01
-1.310493110152051166e-01
8.030311458612815478e-01
4.892147053904214449e-01
-7.478380565345796871e-01
8.959858082844518457e-02
6.931683942848529956e-01
2.912393283363854390e-01
8.306631354840166015e-01
5.537061949346879786e-01
1.361188564854529215e+00
4.552582585204743015e-01
8.739922042327918916e-02
-2.589711297189969397e-01
9.000766955475791864e-01
-3.611848910355117681e-01
6.929900335467258365e-01
7.348564813470417345e-01
7.780255270711877724e-01
7.631966104975185239e-02
6.150300919253326448e-01
-8.977810088674322841e-01
-7.825655803544662170e-01
-6.916918502703031102e-01
4.421247062647202242e-01
-2.222213903449898886e-01
-3.205963982959489922e-01
9.285448794784822990e-02
-2.741297715984416516e-01
-9.722005715103807511e-01
-9.755018071290140202e-01
8.259544468665769301e-01
-4.933557442830573958e-01
