-7.860953463710986799e-01
-1.611428205731065266e-01
-6.074177097215107679e-01
-3.440864038500291988e-01
-1.655307496763037012e+00
1.461432368513437829e+00
-9.001226778918640647e-01
2.482715357120907296e+00
7.178294675651430978e-02
5.424578010181602128e-01
1.203311922818737223e-01
-7.286107782126787225e-01
-9.400115487670943626e-01
9.368753034104770894e-01
-2.881726033916851559e-01
7.322572146651311620e-01
-1.269215558491170182e-01
1.304333759902076562e-01
-2.974749938013675488e-01
1.087267071983261335e+00
-5.474396310888225425e-01
6.677608398323418015e-01
8.911131078039651321e-01
1.237953049799963345e+00
1.363739968148844905e-01
-2.633065522341198950e+00
-8.612978469095668999e-01
2.137325539566778954e-01
2.074737413906915240e-01
2.055139355398087897e-01
8.612287803988130097e-01
1.306603824114209056e+00
-1.526150310069812610e+00
9.210491835825601603e-02
6.424778890127889053e-01
1.805657805399879301e+00
-1.580080334913272488e-01
-5.212154881488841873e-01
4.326591479417927211e-01
-6.309180103924310057e-01
-6.569473938732824925e-01
9.348219374519510794e-01
-1.448532116024490168e-01
-3.469360838879438358e-01
6.567857216855252922e-01
-2.517756851023351672e-01
1.027946040390246285e-01
5.732960600274155105e-01
1.227690143085382157e+00
7.552898538100105696e-02
-8.709659596876855314e-01
4.212833489806560028e-01
-4.203025589690223551e-01
-6.013524425559566566e-01
2.192560559336028003e+00
7.873748451409190441e-01
-1.972675973938897265e+00
9.215662301398025447e-01
5.141316869353369512e-01
-1.595730898989902169e-01
2.271976840333262082e+00
-1.395453392000999271e+00
8.156451471147352361e-01
1.434992060018711602e-01
4.424635578418212312e-02
1.599078625422438726e-01
-4.243299100360886644e-01
8.006717590138090479e-02
3.156372996153733457e-01
9.246098865706351422e-01
6.843185778304030631e-01
-7.189169749552106747e-01
-1.260659583750761037e+00
7.526295939967126980e-01
-4.914318634544601050e-01
2.999626372350121528e-01
-8.880453873689764244e-01
8.988469642249738989e-01
3.794650943084376671e-02
9.974156231662110184e-01
-1.249187622352776472e-02
2.546570354975481010e+00
-1.799724762342454598e+00
7.158161929021094050e-01
8.908607239404695566e-01
-9.206691408467779780e-01
1.399707837177946779e+00
-2.419553931339212260e-01
-7.593265445583365914e-01
5.926689326554408499e-01
1.935084164719989008e-01
-3.072208332867821801e-01
-6.592541535919924645e-01
5.234245588561124984e-01
-1.805136995732776750e-01
2.365678173813190455e-02
-8.772605074597357167e-01
9.786203918537511592e-01
-5.577975352077224613e-01
-8.464571307003110334e-02
-8.456400422476422207e-01
8.210468502535313018e-01
-2.619686206786751015e+00
3.244707721401498546e-01
-1.442301034522113445e+00
6.703091651440323817e-01
2.205146247336484677e-01
-1.991322457366403453e-01
-1.081344039371587629e+00
-2.396320952538306681e+00
2.366845996833133459e-02
-5.248916671237151554e-01
-4.477945329534041008e-01
3.043819345356577610e-01
-5.857575905872853816e-01
-6.317129909503718110e-01
4.017654833928163693e-01
1.004727336505737423e-01
4.979879520227825651e-01
8.001236966682714336e-01
-1.072661871026349356e+00
-4.065116619205588755e-01
-1.063362327756827597e+00
-8.407743891142351877e-01
8.453680157874001733e-01
3.793591024694974445e-01
-1.311410545742452749e+00
-1.200161656833210522e+00
3.132729007946642441e-01
1.565156921131678924e+00
-8.315906987970858033e-01
-8.879674095125533739e-01
1.731034873607785629e+00
-9.012823625221149104e-01
1.778963506748312273e-01
6.791909463960246196e-01
-7.007248419257511296e-01
2.945799616719772196e+00
-3.378313141174709155e-01
2.967440707695049307e-01
4.853271945603825910e-01
-5.537407320434692970e-01
7.931163983214761792e-02
5.454946648940091070e-01
-9.402170701931775731e-01
-1.647252100753334503e+00
-5.250785971809339703e-01
-2.195877393411738154e-02
-8.139030681476482343e-01
-7.653612993708625023e-01
-6.203032249952369348e-01
5.519905745812558884e-02
-2.634695859632141257e-02
-5.567438838003131441e-01
-6.999698433230708838e-01
4.841628320408761788e-01
-6.505919123633339129e-01
1.084794644449399992e-01
1.880816997684656044e+00
6.985860325587660569e-01
-2.191824869032014789e+00
-2.134353666108530501e-01
7.279827591110810125e-01
2.274889507081063744e-01
5.481316218947542840e-01
1.563956818480295219e+00
1.142919786668810334e+00
-3.905909487654504186e-01
1.656984499491543916e-01
-6.445815227136646453e-01
2.401414753415793690e+00
-1.939847290011611491e-01
-5.120360781426736008e-01
-3.087348286019193644e-01
-1.164838528050031741e-01
-2.055748916466109577e+00
1.342872589680172979e+00
2.146888256095294878e+00
6.628734909512894458e-01
8.756459080287746222e-01
6.037107590513917099e-01
6.517241665231143788e-01
-7.106015951147336418e-01
-8.561317895656013199e-01
3.534085099923300888e-01
-9.250118974424188512e-01
7.323117996075233505e-01
5.967976864011892424e-01
-4.973844260526845140e-01
-3.781696503852791658e-01
1.143182133438463977e+00
3.840945482575393033e-01
4.938785638271969702e-01
-5.026831340027317907e-01
8.643253675570197192e-01
1.416051754858456357e+00
2.795652335546158884e+00
-8.770883874349757470e-01
-1.352951056987370837e+00
-6.449658170122107848e-03
8.850202918443228484e-02
1.195417872894490308e-01
-7.410333134460027615e-01
-1.826931983999742215e-01
4.409447181258219217e-02
5.903490868687832904e-01
-1.006955859789353092e+00
9.922621950363583743e-01
6.493051870324703101e-01
-2.522701744057244344e+00
-9.221667626905944992e-01
1.823348311933529864e+00
5.941962828630831250e-01
5.458556180860931750e-01
7.355785323158803291e-02
5.560433565776139453e-01
9.585700781211237143e-01
9.849021219068669897e-01
7.226452675317998064e-01
2.627326718167915409e+00
6.839484570955172149e-01
4.932236566464900385e-01
7.882497744696008724e-01
-5.465279150370982997e-01
8.403659726027121746e-01
-2.451152980973302142e+00
1.023385702524208796e-01
7.341694106551457377e-01
-1.468071093452844256e+00
1.859253182676147698e-01
-8.267162282011962793e-01
-2.113787254140706562e-01
9.507412973640636533e-01
6.798160423826702381e-01
5.077090675702733424e-01
-7.516632565991765436e-01
1.766416157795700492e-01
1.073260670260027805e-01
3.236874318203844525e-01
-5.764415938274075613e-01
-8.580549390192737658e-01
8.115822730536996765e-01
-1.849621033401147585e-01
2.994835411787791557e+00
9.307941522399028056e-01
7.530767557772486409e-01
9.332340586360494683e-01
-2.100788878746823185e-01
-4.509366242187504703e-01
7.909775347028877857e-01
1.424843883126252209e+00
5.989411283393528684e-01
5.185183199072940230e-01
-1.004907599701129417e+00
9.965190556195993032e-01
-1.452052013807230813e+00
-6.448625605124327365e-01
4.747421044417996505e-01
-3.583745629256458454e-01
1.083914891261194891e+00
-5.986963926200343789e-01
-5.616845582980629636e-01
1.381870241701896873e-01
-4.630198395138391820e-01
-3.620591832667587884e-01
