-8.348417999990052074e-01
9.014374574881016677e-01
5.525434656091525731e-01
6.721848792886933044e-01
4.286422337437504559e+00
-4.878583543995340666e-01
3.111329139990215431e-02
3.969159824932149139e-01
1.526202529053812817e-01
-3.401668999449543040e-01
-1.901116106607791956e-01
6.344057020712503547e-01
-3.840411904928859865e-01
-5.770266277324349602e-01
-5.572919554112256701e-01
-7.147340965504993537e-01
-1.048585556855665679e-01
-7.144741841352701961e-01
-2.250007763875636613e-01
8.460254802145619202e-01
8.409675991780147797e-01
-1.694912487627249220e-01
8.844143076553265814e-01
-8.696421564125067505e-02
-5.093439924714353584e-01
-3.309039952405905538e-01
-8.682898315208442686e-01
2.256567663090489617e-01
5.820013944169817321e-01
2.210291090288110105e+00
-3.540424686214032057e-01
5.442612752054649672e-01
-1.969085537086198379e+00
-3.767663574987811792e-02
5.334760123163706513e-01
1.521010614688402818e-01
5.000681976038702237e-01
2.040066838164003027e-01
-8.844076895955654827e-01
5.350735757160416384e-01
-6.393229846390571236e-01
-2.084910027526205578e-01
4.437463277433197906e-01
1.214415754029106509e+00
-7.579850954841296229e-01
-5.191766096184012858e-01
6.271128864593082941e-01
-7.721925773325128972e-01
-5.488622029142928849e-01
-1.022970424862263972e-01
1.877452397519006944e+00
7.138043124252742011e-01
5.532129602458146778e-02
-7.757831597323250339e-01
9.161669065532183076e-01
2.983810110269002891e-02
7.524146041051851252e-01
-8.587036383164039499e-01
8.317886544225938650e-03
3.725371001775843460e-01
1.201398059368818494e+00
-1.462966233138563332e+00
5.151729918329623903e-01
-2.005044351170903738e+00
3.134393313312828777e-01
6.168100979195405564e-01
-4.876299636303296214e-01
-5.946855447079173462e-01
-3.927480283920203874e-02
-1.998718331442244089e-01
4.466568882366797055e-01
-6.705127260174803538e-03
-6.602205915816794501e-02
8.576631009752611057e-01
-6.252748641669390040e-01
2.153625664310216958e-01
7.025564920010716197e-01
-5.516066778891475231e-01
4.708973759898540390e-01
4.765878475495790578e-01
-2.133280888267385933e-02
9.476202602485581661e-01
3.014489023581077287e-01
5.757884652798119784e-01
5.514179799499607793e-01
-3.835676409164079370e-01
-4.313560457665079895e-01
-9.396286820817913998e-01
1.965508818033776528e-01
6.366865844253946083e-01
-4.391709270677113253e-03
2.165141937498817892e-01
-9.136156465188880471e-01
-1.102191445331044406e-01
7.156224615934765332e-01
9.160598306438931804e-01
-6.443882813957841904e-01
-6.954651317245923448e-01
-9.124467305355885571e-01
2.914351824590606377e-01
4.166089572143996111e-01
-6.140200308575738397e-01
-1.817863637849762792e+00
3.598410806027922959e-01
-2.002204138178194093e-01
2.472643696032774674e-01
8.357929878129182200e-01
1.656429612488241609e-01
-1.866695509563141009e-01
-8.085854471992275361e-01
-7.457466251727125073e-01
3.338364083602143179e-02
-5.139285737664822662e-01
6.232127456769844809e-01
6.370641268186336692e-01
8.841860373425274311e-01
-6.976416736608193059e-01
9.782440633668865182e-02
-3.092815759263431996e-01
6.622530239548036768e-01
-9.334643243086537812e-01
7.493215617126702810e-01
-5.734498402541392537e-01
-6.917700066775922529e-02
-9.245941516113378444e-01
8.328645296659242803e-02
-4.381007366500082600e-01
-3.664635894004231176e-02
-7.542966162471493874e-01
2.128347979604192641e-01
7.097230044913520608e-01
3.268570977585441018e-01
3.630716260103263870e-01
-8.330247119414904144e-01
-8.896412787622027807e-01
-6.010882643890149701e-01
-7.350035215742263262e-01
1.091621343010924727e+00
-2.801524123511607289e-01
5.011646496926625005e-02
-2.127023527493432375e-01
1.044577164803863756e-01
-6.122898549175253002e-01
-7.969324680265676974e-02
3.244870982924275005e-01
-6.129712237003970277e-01
4.361684872822852999e-01
-5.171751473325405524e-01
2.803475821963754555e-01
4.919026421735666066e-01
4.432987914568722321e-01
-8.384768957919941368e-01
1.449919099421413060e+00
-3.628705480753320334e-01
8.357722448807614057e-02
-6.005525885260341035e-01
-2.885637415649477955e-01
1.222822961149775622e+00
6.567265642546371573e-01
-5.841861928342240162e-03
6.168815166514713955e-01
-2.963527779702501697e-01
2.867919884909724271e-01
1.153128367059297332e-02
3.361699840063077094e-01
9.119406748483946945e-01
-8.950646029100353118e-01
2.847745741734290514e-01
1.065267061086125899e-01
-9.500171695866534982e-01
5.646040262327733927e-03
4.311093222857040885e-01
7.156279998527084185e-01
-6.157341357697410089e-02
-3.409389790511547780e-01
-7.884427215611606865e-01
6.727687285179604348e-01
3.271274444588649910e-01
3.730846992379168725e-01
3.980977558751814804e-01
-4.112148016600623013e-01
3.267253020274877295e-01
1.721568381743097564e+00
1.412408806899889679e-01
-4.974874110420106632e-01
-2.616686813688080537e-01
1.427263234189928287e-01
-8.171034576155389306e-01
-1.043231573612970475e-01
3.088311673089849663e-01
-2.442266415012470659e-01
7.928379014507447309e-02
-3.558369946705040032e-01
1.531962286132282358e-03
6.973224130260380349e-02
-3.425503757040451180e-01
8.130691675359731363e-01
-5.808800754553915535e-01
5.898203218319979513e-01
-3.047666519978251554e-01
-6.011648444286832316e-01
7.578046358144350236e-01
2.999268450710035339e-01
8.301551342360962149e-01
-4.882333905698730270e-01
-2.521445475152139792e-02
3.011526173119338790e-01
4.441120228152999339e-01
7.699161483563583541e-01
5.665379355481965362e-01
4.839685603605461406e-01
-9.439081326796916471e-02
-8.784240228963589026e-01
1.788363260717502623e-01
7.913612227796085197e-01
-6.030138815752994486e-01
-4.036083986693188574e-01
5.591343675803586155e-01
2.378121959386458872e-01
-1.284951178781805758e-01
7.226023347238874628e-01
1.057598271788523059e+00
5.588173458922038872e-01
-5.256061111466021618e-01
5.694509392023527905e-01
-1.850319022141222458e-01
3.556337792315567015e-03
2.630820727419072025e-01
4.789277837103551594e-01
4.749575531444201193e-01
-3.498527876445169937e-01
3.937563017673686439e-01
-1.522097126923369625e-01
-8.609344494413970761e-01
-6.524470461429832113e-01
4.842363234481728007e-01
8.746843756122515412e-01
6.745435637200407619e-01
1.440464437223888172e+00
-9.896820239903389993e-01
-3.427490109178639166e-01
6.524742830020378026e-01
3.182488268962830880e-01
3.306032618453889071e-01
1.991767326733069332e-01
-6.397980321366358858e-01
4.162637499846635336e-01
5.189734579955225247e-01
-3.642030863019019016e-02
-3.154928265618259786e-01
4.998127008675790073e-02
9.740538967483192145e-01
2.477606863327730391e-01
2.332266382880636701e-01
-6.552043180555999768e-01
-2.492121430777929358e-01
3.148745442894682611e-01
-5.160625921108108471e-02
6.046688996751555800e-01
8.691500087189343304e-01
-8.715142233772252833e-01
5.386692443088969551e-01
-4.021912849343607377e-01
9.953174025718711793e-01
-1.373389455517490809e-01
