8.405411717135284899e-01
-8.694628740286858282e-02
6.977278216371325392e-01
-6.778477745152917677e-01
5.456304844579249469e-01
4.878250459414741336e-01
7.490853194840074725e-01
-2.069609900695358329e-01
2.268764438585604282e-01
1.584493477972623854e-01
-4.595223502737733057e-01
-2.660896204971698875e-01
2.153036890484969490e-01
1.642351380342735867e+00
9.322023187420427348e-01
-7.959669389571975007e-01
3.949916645451134745e-01
-7.065233857767727610e-01
-4.276430335871144184e-01
2.991495308540252918e-01
9.049015308638161947e-01
-3.013246207411226507e-01
-8.779200181490349753e-01
4.111592652310795959e-01
4.917225888381666632e-01
-1.685323072696864877e-01
5.177858699938866494e-01
-5.810912883289212072e-01
4.890866139043887895e-01
-8.829488172848907190e-01
-3.103418091875407292e+00
5.438969221181799707e-01
3.846409201821319179e-01
-5.858820264731257055e-02
7.644993180045234205e-02
-8.417593015693363157e-01
1.013551776016579087e-01
2.211268869212434929e-01
-8.335360174171486669e-01
6.630436145875835408e-01
6.447116269009007805e-01
-5.594037471855357602e-01
9.502721982854942517e-01
6.280760247524095341e-01
-2.193594539686402722e+00
5.412296521620740819e-02
-2.534931494914649530e-01
1.178242488486454187e+00
8.210111815241509792e-01
8.206837151765655758e-01
-7.435400649377754689e-03
-1.198043391084935294e-02
3.879690176034165106e-01
-4.906305250839202436e-01
1.727355004132460348e-01
-7.754295556008452550e-01
1.206695228773730921e-01
6.774495622296283770e-01
-7.258803927328052463e-01
3.283074030204704563e-01
-6.375612426811201328e-01
-3.892437930515052491e-02
-2.426875615122965346e-01
6.038238493598242496e-01
-7.100452976669364702e-01
-3.818862827981772678e-01
6.945076749131942062e-01
-9.130343253588246721e-01
-2.413618623051678735e-01
-7.619125140046896227e-01
-8.507726959978367809e-02
-3.205270731985427890e-01
-7.903186070118914941e-01
8.188588754816230608e-01
5.076790113649558567e-01
-4.286204565281772627e-01
2.430246021116222455e-01
-1.314428807887080275e-01
2.358791934340351837e-01
2.492826710051097017e-01
-1.057855193657761816e-01
-7.710179123816855995e-01
2.767515123643955466e-01
-5.204867796510077582e-01
-4.002809108928657711e-01
5.825823042075397584e-01
-4.913033259374453010e-01
-2.522215545750856602e-01
-3.748285279396712522e-01
4.912239075293582946e-01
-2.776604698672753280e-01
-4.120170209316118548e-01
8.874627780524961818e-01
-4.882156116666769297e-01
2.261973057878097215e-01
-7.534517360490966542e-02
-7.874852619623045058e-01
-6.272654459515609737e-01
9.162303999210552607e-01
1.153973558677101607e-02
4.954674978271231822e-01
-9.242091514399535246e-01
2.247386076272326338e-01
-9.360462951634200834e-01
-4.908761756092125950e-01
-5.848375177221967203e-01
6.574098985254404059e-01
7.323363951857055909e-01
-3.759006088108785004e-01
-2.268864637781728977e-01
1.061225796595108850e+00
-2.964223028617110067e-01
-2.334218525080211659e-01
-1.236411047838782418e-01
2.908355151499808500e-01
8.872921141922025523e-01
7.609976411002961072e-02
-3.854922600416834655e-01
5.830534479955917782e-01
9.426737698685740963e-01
6.839879173805699097e-02
-4.651850398633896599e-01
2.547748002290124436e-01
5.597438461644230756e-01
-3.625473004723662740e-01
5.143028327173029268e-01
1.151437576186314482e+00
5.931579886215800901e-01
-2.348295056669578162e-01
-5.287372371955074701e-01
1.024318768626359510e+00
6.082925103718992421e-01
-7.092489023072761078e-01
-2.119184641732395846e+00
2.882387512105220040e-01
-4.342807399369961185e-01
-6.952328283322177782e-01
2.983490975131517509e-01
-2.862688094408134543e-01
-6.876186630215879170e-01
-3.187673638074781657e-01
-6.062921868185398022e-01
-4.715985045401913656e-01
2.632571622234980424e-01
1.658670690868504494e+00
-9.315382174575499441e-01
-6.860195036193663665e-01
-4.164296392692887760e-01
4.028758301946822051e-01
-3.172576572339576018e-01
-9.786351964090151956e-01
-6.779638851279015110e-01
-2.248168291033207034e+00
8.667881650130979665e-01
1.854915809192354548e-01
-8.851870608665834972e-01
2.564239192841764048e-01
-1.534389279059977795e-02
-1.025699398434198883e-02
-5.924500484713226545e-01
7.441907892101012889e-02
-1.687200732476945353e+00
8.034062079588388805e-02
-7.333911407510114167e-01
7.407685778922101782e-01
-2.977496999037723135e-01
-2.077475030264495648e-01
-3.344498530747304077e-01
9.278476807648797786e-01
-8.067054297137963292e-01
2.999337723397785815e-01
1.411433722252788403e-01
2.905080617585193981e-01
-2.659112776048291327e-01
-5.987891579139645870e-01
-1.800756955736733111e-01
-8.403234742480065744e-01
7.914517140494763403e-01
-3.791042806314901537e-01
-2.951171099827945010e-01
-8.815300370962650955e-01
9.356340579407547153e-01
-2.274845077718470332e-01
3.978199229478982524e-01
-3.868289800831044012e-01
-5.148445565914510080e-01
4.732943100055277963e-01
6.990549805067205469e-01
2.839581197712230942e-01
9.337462622546148783e-01
-9.733913029900482794e-01
-9.698455398136918149e-01
9.481188493755718927e-01
-4.462385450612014193e-01
-3.821270042967583880e-01
6.726484154942184990e-01
2.159608069202729741e-01
2.215148199679217722e-01
-9.158903378507867732e-01
9.147098020463362289e-02
-9.038401481740785393e-01
-9.244266261262825690e-01
-7.853194518008299596e-01
-1.930581821141714727e-01
1.111970713883136952e-02
2.384072929161447085e-01
1.746082043494829872e-01
8.503457702896066728e-01
-6.382977478091569346e-01
7.370760278382294528e-01
-6.216033360480843761e-01
1.620771973349284245e-01
-1.876871097155619061e-01
-6.345402919032228084e-02
4.837150016811180286e-01
-1.187462229311173623e-01
-8.133540373177698957e-01
-4.800914726087357476e-01
3.516786740795467825e-01
6.994056115104765325e-01
-6.300672696004334661e-01
9.544612011854616274e-01
-1.382344789109852812e-01
7.265963609719356953e-01
9.604521165139803252e-01
-7.713312143270512067e-01
2.488212374161091756e-01
-8.094731532977448296e-01
-8.922309546657682944e-01
-1.582670838509689926e-01
-3.947177584908945214e-02
4.119345444331414807e-01
-4.215558811716055843e-01
3.550075334725401044e-01
-6.657608747412062655e-01
-8.806941941032395693e-01
-8.107532947284401548e-01
4.961828920549304911e-03
3.657757734876279088e-01
5.343688493310487786e-01
7.962281478285102576e-01
3.404415471220496592e-01
-8.692488980111545693e-02
7.584050843138849807e-01
7.645538805720699660e-01
-4.061591653482293784e-02
8.744788807703868239e-01
-3.526497073107947022e-01
-1.832506387124503977e-01
3.457951073454317292e-01
-6.654084284221313261e-01
3.571782462896850863e-01
6.335552165486175724e-01
5.381962910304096681e-01
-7.788222073845560978e-01
-7.731837577804501205e-01
4.918297947586545149e-01
-2.139634904096270329e-01
1.568113389430375815e+00
-2.816910950192130780e-01
8.997399245086288300e-01
-5.216022924295828922e-01
-9.668132731762388854e-01
2.546503412616036854e-01
-4.463840804889064318e-01
