4.934024680807065355e-01
1.506097884368338136e-01
1.094709576272656859e+00
-2.496965243017761904e-01
-5.481431102043532455e-01
6.372366507080973186e-02
3.001073200467931912e-01
-1.088666146740701279e+00
-1.264729789472385235e-02
-6.555840077640049390e-01
-7.861432073664933462e-01
1.317634717756677176e-01
-7.313606769175651223e-01
8.118012637096163608e-01
-5.706622707964215113e-01
5.682131564478036800e-01
-8.702953072580832394e-01
-6.799807942551381323e-01
1.892138885488176436e+00
-9.309909384960624035e-01
7.007377743479970000e-01
-9.512427247613041148e-01
-4.351122154440361101e-01
1.192268861785591216e+00
-1.819266838833171196e-01
4.374056646111681435e-01
4.271223295897105254e-01
4.823755311337181162e-01
5.843875383991647965e-02
5.611074837222593814e-01
-6.631622804829302442e-01
6.306717812839697235e-01
-8.228316418838539370e-01
-8.379771435192895357e-01
8.196216652492864796e-01
4.073713330696477897e-01
-1.332658430311792763e+00
4.557082881796482576e-01
3.134778472980113695e-01
-6.031852320053168182e-01
-3.515732246899045954e-01
7.894206505919432182e-02
-1.159884115330047427e+00
7.344969776546803608e-01
5.932893112556464343e-01
-1.129483875207663912e+00
1.749739508242431851e+00
-3.908919612217491846e-01
-1.472326568824039450e+00
-7.068526723178856219e-01
7.053859036932078608e-01
-3.356055008669229789e-01
-3.018354949687607203e-02
-2.582729222682871750e+00
-2.885828957483294044e-01
-4.890070445315457537e-01
-1.277166373773618080e+00
-2.217285420210646230e-02
9.341914880012069933e-02
-7.731086875261541369e-01
2.957652659381382332e-01
-1.631775686080692900e+00
-1.848794551580119627e-01
-5.604255605388055450e-01
2.281222040811987650e-01
7.935366894375877056e-01
-4.008148564457281182e-02
-1.133911183152939817e+00
-3.472796967453104511e-01
-4.430226480108463427e-01
7.795335635385689521e-01
6.566780516377490606e-01
9.199099362882703357e-01
-8.479074339984116193e-01
5.655202083074573061e-02
-4.294114828130259909e-01
6.394104069400834423e-01
3.730259863247129548e-01
-8.926731564951551068e-01
1.984286684263544265e-01
-1.803071129261479832e-03
-3.972787748544281961e-02
1.337035110666214610e+00
9.870711456530869565e-01
-1.024008261329609759e-01
-3.915632159293602754e-01
-8.548426921153526870e-01
8.930306840112678390e-02
-9.696733370635099991e-01
-5.247976902551121370e-01
8.121804528488172359e-01
-5.499026999026442875e-01
-7.487044527584312270e-01
6.213012308002123785e-01
-3.868199921039985334e-01
-1.767617232259881543e-01
-7.019625826976589877e-01
8.675710620173886500e-01
-7.933508604562544697e-02
4.146322531570798553e-01
-9.473263536976745947e-01
2.286112571035803231e-01
-4.988219460790248583e-01
2.133968561444713696e+00
-3.541912018832418241e-01
-3.127020811186040916e-01
-4.402693962785333426e-01
-2.914539720178790372e-01
3.501421429815436692e-01
2.389757414622593612e-01
-8.394296994125576283e-01
8.363215076356582678e-01
4.798948891599013056e-01
3.206211904411060409e-02
2.046486081781573318e+00
-7.078426338155594522e-01
4.900873691371050445e-01
1.177858281180393929e+00
6.535260149825431464e-01
-3.580963048722709541e-01
-2.576892392791983788e+00
-7.596519906879464212e-01
8.381250994308189206e-01
-9.634846543391786255e-01
1.016805734708095432e+00
6.275198494652181047e-01
-1.053020089164492246e-01
-1.831725347748884847e-01
5.044327377293613690e-01
4.756034708743779316e-01
5.602953021484213814e-01
4.094349596114089662e-01
-2.560841943205691695e-01
5.409991712971689015e-01
6.737779316826790765e-01
-8.863726399357709784e-01
1.237674927969729666e-01
-1.713860941785860348e+00
-1.608856567688037031e-01
8.287814168320042363e-01
2.348387462982381990e-03
4.038595581681734270e-01
1.064778672245303426e-03
-9.566045392183297746e-02
-6.380423597051718687e-01
-9.466066921190028349e-01
1.512041195004662164e+00
9.854799701239669307e-01
-1.690454198716888623e-01
-3.961343792708118539e-01
4.295000516131710633e-01
1.702715123621234561e+00
-1.074651574221956452e-01
-9.673068612427337953e-01
8.485191301538572706e-01
-8.496735890784852252e-01
-8.376940681957869561e-01
5.921580312743826013e-01
-8.927533591423268966e-01
-4.195384322844362135e-01
-1.600722328293127106e-01
5.806069382626324327e-01
-4.819281517013009886e-01
5.887719252634937561e-02
-8.495397917109310804e-01
-1.317530017941404008e+00
-7.845243964285999461e-01
-4.049072055236049295e-01
-7.593497758716101220e-01
6.018673461433108329e-01
4.825460150630351830e-01
-4.071367699725569889e-01
-5.799690239491490651e-01
7.316968674618504753e-01
-3.305631541407347829e-01
-2.341565852184481766e-01
-1.387912388159724397e-01
7.449844916111092452e-01
1.941352158907463377e-01
-6.744225264719281299e-01
-4.743570909119503298e-01
5.967768308648002673e-01
8.047291880454183755e-01
-8.659963590127417454e-01
2.031600090639649192e-01
4.580675253091321952e-01
8.775696587023018580e-02
-1.028200948787327151e+00
-8.186901422799390815e-01
5.564294237737359428e-01
2.617247635257369254e-02
-2.834877937735338360e-01
2.415131454947376799e-01
-8.062400664590416710e-01
-7.376755431034387467e-01
4.287254041328041332e-01
4.173241516328771716e-01
6.371653241793027167e-01
7.490674031697803770e-01
-4.185258724277522990e-01
2.666329844547865591e-02
6.968955789559698744e-01
-7.216533533810249867e-01
1.723270713617474748e+00
-8.809739636729860823e-01
2.062250318759530909e-01
4.214932467890276646e-01
-1.583965178710503574e-01
-9.380799181729200242e-01
-2.054446223204474675e-01
-2.676961085060847179e-01
-4.877510845720478549e-02
1.510092774470245258e-01
-6.184384375113649579e-01
8.399858140081559177e-02
6.381079148528865375e-01
8.337944302894323423e-01
-9.737445179966330855e-01
7.323691738464768175e-01
4.556140604158920304e-01
-7.249900860334255182e-01
-6.052120991747040879e-01
7.677748766473515563e-01
6.693682159429066303e-01
-1.203864576743536308e-01
-1.368440401579876564e+00
-1.812874052087874333e+00
-7.356281107690322285e-01
-6.706986302650674858e-02
5.509887927582308720e-01
3.048033724319443305e-01
-3.240010519413696333e-01
-2.788284074971303372e-01
-3.822008403819663336e-01
1.495486700133126234e-01
1.929313110035273393e-01
4.317571626503129423e-01
1.519314007099772379e+00
3.415279807592921379e-01
4.937500339338061206e-01
4.160180486007483136e-01
-8.672329507280969185e-01
7.489504951115188991e-01
7.547945100353037340e-01
-1.350132075857405800e+00
-4.706326886703058321e-01
7.572886501793385516e-01
5.585306293725404991e-01
7.856783411799082018e-01
-4.994000439327952456e-01
-2.476097296138379811e-01
-1.382650509818972306e-01
1.048465332914549020e+00
-6.532943136012461238e-01
7.007467007068526321e-01
-4.820163481704156094e-01
-6.859703743868761361e-01
-2.605628617509054834e-01
-1.809058969102361747e-01
5.711667097954076233e-01
-2.615528557383219876e-01
7.947641958643949511e-01
-1.765429657981305578e-01
6.890440639886437069e-01
-1.768158387574416679e-01
