-9.423261810587022502e-01
-5.004489080594736183e-01
8.995968370516227441e-01
-1.221405979522749430e+00
-1.648343615947960972e+00
-1.009664703498072136e-01
9.904323738938427546e-01
-6.908309953846414331e-01
5.437326983422615667e-01
-6.953458342371410250e-01
-5.243367662640872062e-01
1.062882402057918618e-01
4.637943572170506457e-01
-2.226359652472678086e-01
-4.110136685134314627e-01
3.983489791392726964e-01
1.417068344634296206e+00
6.095147283075350586e-01
-8.122603348924342104e-01
3.374996883025667138e+00
-1.920055546920031997e-01
-1.618268571495520947e+00
4.970173554468877430e-01
-8.676785365876967804e-01
-4.813055295338146689e-01
6.206904460117144140e-01
8.048766104561988488e-01
1.635470687999414530e+00
-4.519921234758423889e-01
-9.814214342263003488e-01
2.061685395587042890e-03
1.627672322088946189e+00
1.471513742691252791e+00
2.092510927984769786e-02
-2.252206878252377420e-01
-7.261895804723184078e-02
2.367245898621643252e-01
2.286940592487237689e-01
-2.434876755314030472e-01
1.460643122945794126e+00
9.301528483214528409e-01
1.432296967559127943e-01
-1.559146102919465537e+00
6.571350306905834326e-01
-9.703106845578264306e-01
-8.652012286812538200e-01
1.505538973914974044e+00
8.785426035727849081e-01
4.691771351423288383e-01
8.742224773473713517e-01
1.467304225818302443e+00
1.748852375238655332e+00
3.267263857076847522e-01
3.856632643031936425e-01
1.900089399249362376e+00
-7.748973873872562201e-01
-1.601655812179820781e-01
3.954234864923591442e-01
-2.807196607027707125e-01
-1.207827899472766253e+00
-1.226174260378964931e-03
-5.030219230433454758e-01
7.810264265736821532e-01
9.194193401217477524e-01
3.517218931437922080e-01
7.942234812170736458e-01
-1.478588253150272758e+00
-3.770475687608998427e-02
-4.572441879944200149e-01
-8.380452410006475894e-01
1.289644369849265448e-01
5.168612570962107799e-01
2.252304257000097287e-01
-2.682764241557231699e-01
-4.098925061285145777e-01
9.186961357448151233e-01
4.368379364173011759e-01
-2.120946850223107916e+00
-6.209035565793181721e-01
-2.659427591194890028e-01
-4.635591175928939212e-01
-5.896284554600599304e-01
2.196873536675138183e+00
-4.099397082684823612e-01
1.007443228063353846e-01
7.641719116833649572e-01
2.858000672197442693e-01
6.409903720703449270e-01
4.348236148998463335e-02
5.025137426505037475e-01
-1.758572735790513430e-01
1.501793044919930153e-03
4.056265762411543907e-01
2.419679424925580413e-01
-4.295094933771781420e-01
-2.635430953446105562e+00
-7.390773543580814176e-02
-6.154206079701767251e-01
8.794329575904169527e-01
-9.842470101952751627e-01
-4.033206675527365448e-01
1.889396411767072514e-01
-2.254190872040715554e-01
-2.043086097384962940e-01
8.039328461966197548e-01
5.294300286564677105e-01
3.845383020353023706e-01
-2.700353209225880846e-02
-8.305695118811138311e-01
-9.261248273364053318e-02
9.963399842216233981e-01
-9.605582802775520790e-01
-6.398664182673050593e-01
-8.896537688808128230e-01
-4.456063361751747554e-01
-9.634273975949625424e-02
-1.194933007444357376e+00
-1.025432402638851714e+00
9.575988121131866482e-01
-8.521127873707330380e-01
7.219143702285271136e-01
6.064470141504723077e-01
5.677468757095933682e-01
1.530439915796508732e-01
2.071577473179146978e-01
5.749050776306114940e-01
-9.814860038600166092e-01
-1.065393357913960726e+00
-1.396613660016823300e-01
-2.889385598866625049e-01
-9.296601203356821275e-01
-8.307408471492314650e-01
2.160721869559600883e-01
-3.324498315923078984e+00
1.720605611082699271e+00
2.627141969302912994e-01
-8.231989333963143363e-01
7.759125944579177148e-01
-9.814572806279771022e-01
2.252453764181565621e-01
1.013823572397327011e+00
1.623466542112872446e-02
-7.592895676165052343e-01
-6.868697672725361247e-01
6.254441028006918479e-02
1.309696600515344311e-01
-2.385494211565913680e+00
9.286301665096805547e-01
-1.877492518921724418e+00
-4.920754566703871014e-01
-5.665228306966940686e-01
7.341759855569909288e-01
-4.275243514757629537e-01
-7.143028105661797245e-01
-1.172153802545159440e-01
-5.934035443255798459e-01
-6.855111188440157211e-01
-6.438558016067397194e-01
-6.907718424135305124e-01
2.148637504386192720e+00
-5.611635429129577801e-01
-3.384490625901242833e+00
2.177072084628590698e-01
-6.555771442387055004e-01
3.713929345407827043e-01
1.806334816333612370e-01
2.187456165069532332e-01
8.799618192725970900e-01
5.827354185318531776e-01
-3.577295153368520442e-01
-1.329509259567847934e+00
3.190235379470709454e-01
-2.373718859349669419e-01
1.780416030833493757e-01
-7.380076294544966053e-01
-1.915054059151137134e+00
2.859508805990385594e-01
3.600144544205023944e-01
-2.699280923537981103e-01
2.834808814110034714e-01
-2.233075195669442792e-02
2.157381222468439663e+00
-7.897349438305653058e-01
9.239249200563302011e-01
-1.951816503640273481e-01
2.654766280850406890e-02
-4.810196638314183648e-01
-4.591213050610916113e-01
-4.350064744278721030e-01
2.404126787624460970e-01
4.882747541647456391e-01
1.024149128136687681e-01
-1.241222309930971601e-01
3.337537336443554548e-01
-3.045038672270636848e-01
7.746058277792394753e-01
-1.224556063487125979e+00
8.598132712926942478e-01
-1.039058007555264229e+00
-9.945224965750301127e-01
9.911515265059489543e-02
3.786350240771840792e-01
4.490856067510535787e-01
-8.397643039097786311e-01
-1.845179833137966741e+00
9.718796366349380378e-02
-7.333239752828357716e-01
-1.819410967144303282e+00
-4.982357924629898793e-01
-6.517282624209697062e-02
6.194260763596473041e-01
8.037568460467601206e-01
-6.595195338094907989e-01
8.805513466746812679e-01
7.118957365194339415e-01
-1.023031926843935846e-01
-9.065962239632729958e-01
1.312339269654904328e+00
-1.927193759614094892e+00
-1.786196376472968250e+00
-3.028978300804594515e-01
7.384639708645732714e-01
-1.399201223569914720e-01
8.063090346538814845e-01
4.601667834341207630e-01
-5.688630657174711391e-01
2.394906991127912832e+00
-2.856939615041174108e-01
-9.769676326845111447e-02
9.139456964651753168e-01
-2.628774963016827115e+00
8.072547855659881755e-01
4.526613828545058560e-01
-6.895936935289042058e-01
-9.938133296828741692e-01
-6.201292838147336450e-01
8.732907260073896616e-02
8.624188807536037338e-01
-5.825239451497004062e-01
5.612576005849749805e-01
-7.018013828442577484e-01
-6.696498278279616745e-01
-1.673409222864514767e-01
6.808035619351502366e-01
-1.211686153906493590e+00
8.820381807898964865e-01
8.845361098557003032e-02
-6.341165721528640997e-01
7.550577113819543218e-01
-6.902952272732054695e-02
-5.337545480686516353e-01
1.559980746309959976e+00
-5.358800511937056310e-01
9.010111267799061352e-01
8.060639102676434575e-01
5.821927050177366780e-01
-8.273812312558768145e-01
4.843692663231293771e-01
9.957627910091428891e-01
8.720858997825620129e-01
-5.637081389213365323e-01
-2.286018595423219835e-02
-9.736658159404578683e-01
-2.350404452361254393e-02
2.813107215868480004e-01
