4.883338076779717429e-01
-7.206634298679981399e-02
5.158921019796416374e-01
1.677870585476060050e-01
-2.105924655609734408e-01
-7.355302737170643645e-02
-3.987089329980715302e-01
1.856745924918650203e-01
9.412590173969510587e-01
8.337691960072231012e-01
9.465491621599064764e-01
9.520413566476482181e-02
4.033318950439267470e-01
1.390035349354539207e-01
-3.480553016898304541e-01
-8.842048557475656878e-01
-9.678898316909154698e-01
-1.900405053853744919e+00
6.692835429658132718e-01
-1.431912367535823627e-01
8.538221550423428230e-01
-8.713176060881095975e-01
-1.368310972664565472e+00
7.494506452240670136e-01
7.151294175897310312e-01
-2.528179527568987783e-01
2.071457843778639063e-01
-1.233437274519144644e-02
-3.881171110797227986e-01
-9.231432549709095436e-01
-8.583045104944053705e-02
3.594596476398004281e-01
8.497114419720745992e-01
-6.206030322104454378e-01
-5.836312027469197083e-01
9.533259218362659659e-01
-6.598682636816204372e-01
-6.026259336159496272e-01
-6.494531001645047485e-01
3.069760467215234545e-01
7.819137968602416500e-01
5.133977041092028237e-01
5.717848674696666134e-01
-7.698310557867196202e-01
7.157127196218537879e-01
-1.192025505768725679e-01
4.416589146176985725e-01
-5.459680386284713194e-01
5.663868357067705084e-01
3.767276775393948451e-01
6.877987751785210602e-01
1.781334649384451740e-01
4.290764707341838680e-01
-8.586132233258303437e-01
1.756467990764691844e-01
4.814667102472349747e-01
9.920907569626031819e-01
5.099207827265970217e-01
-2.516201243548568112e-01
2.159736998281480691e-01
9.557477420071947005e-01
1.294564439103358389e-01
-3.943135881052501901e-01
-4.331346306857419837e-01
8.072064843909962928e-01
7.389409697317994574e-02
-5.731447676496470578e-02
2.053597397662721979e-01
6.748655798945191187e-02
-1.688940263360423355e-01
-8.424519739308580224e-01
1.135632369220080928e-01
-7.905206166619278552e-01
-8.563462351394042216e-01
-5.096328894639723384e-01
-8.058925129265248621e-02
1.826032400207759920e-01
-6.280895489299787027e-01
2.264508279565364823e-01
-9.792868850969085326e-01
2.286845084707402886e-01
-5.177088182282130191e-04
-8.604897697392044353e-01
2.099384803752533113e-01
-7.052701296346353121e-01
6.283425665208807187e-01
6.848879270907508587e-01
9.105598789956661498e-01
4.953079352261626767e-01
-9.968607315037352201e-01
-1.051194240255632906e-01
-8.905412931173408708e-01
-5.635554354372938057e-01
7.138894033459970423e-01
6.929652975762166101e-01
-4.458705580423740766e-01
7.950819682758831775e-01
-1.926625104334898086e-01
-4.203175806999319697e-01
-3.441459560407178486e-02
-3.650595068032260748e-01
-8.247687523704907431e-01
6.807888833508630722e-01
-8.520035346596510628e-02
-4.883889174179286696e-01
4.861611870185558182e-01
5.307846483224496481e-01
1.581023191826155250e+00
3.610562838108943851e-01
-9.447911932536134927e-01
1.681893675641563446e+00
-5.663505825470671606e-01
-6.173320014652896592e-01
7.522248775237388996e-02
8.497445554379365884e-01
1.683891413267628590e-01
5.792013175018781990e-01
4.072272009280846206e-01
-4.519182762570708167e-01
-8.055369621970966953e-01
5.056636956498283819e-01
3.099684225801304649e-01
-3.014310293490567449e-01
-6.405559719553566289e-02
-7.746021044401116828e-01
-6.685383735921579529e-01
1.449200149399771931e-01
1.273864901241672731e+00
-3.265620665967057246e-01
1.577276718453646920e+00
-6.421110804496767965e-01
5.609011324127424203e-01
-1.970178956775101575e-01
-3.573237140999290240e-01
1.411345735528815037e-01
-1.971848954916529673e-01
5.735665448929976318e-01
-3.650958316698893480e-01
-4.131706392080756185e-01
-4.378801686987081609e-01
-1.688190486817697789e+00
5.281208114373512341e-01
-2.372016883692094069e-01
-6.539030411568713674e-01
-6.448360290501291558e-01
7.901972483005790249e-01
5.085065544888809352e-01
-1.589074441824376294e-01
3.591951291055321960e-01
1.580640175006866599e-01
6.384473413752220772e-01
9.832566345760402893e-01
-5.999308541727299549e-02
-4.622045622232664464e-01
6.099627468999797575e-01
2.581297382383826999e-01
4.697285555418146963e-01
-6.007618533430714169e-01
-3.996291292328770783e-01
7.388049141359104288e-02
-3.652111474225538945e-01
2.768464811542352688e-01
9.644242777817930712e-01
7.179968050363703114e-01
-8.294389157305526172e-01
4.749273036892416311e-01
3.022272141575499393e-01
-6.827519754548709852e-01
3.093814070326406096e-01
-9.384230600604677175e-01
-9.067947242067144753e-01
6.422772346447651604e-01
-2.331591441016833688e-02
-1.748970677555083952e-03
-4.475729468371618669e-01
-7.103142751871154292e-01
-5.785250181364645083e-01
1.156481566778725378e+00
-2.583506368374932638e-01
7.874477633476579808e-01
2.304992882957712652e-04
-5.663432062247857335e-01
-9.115268776153611086e-01
-1.587111940405638855e-02
-9.816975266291909641e-01
5.794835759735026404e-01
-8.597097058880711629e-01
1.779544200872076321e-01
-6.136299851429762864e-01
-7.334185332618265996e-01
-3.227682479575670893e-01
-4.124497123242163443e-01
8.813108449614588391e-01
7.169679650959452921e-01
-9.891054787605433329e-01
6.461570108952481295e-01
-9.379419431829767451e-01
-5.010585543434522560e-01
9.351693109807206472e-01
7.291140578420218787e-01
6.093729281679318710e-01
9.843833439850298017e-01
2.595464428008398272e-02
5.615268469068255275e-01
5.456684558158353404e-02
5.165693617903821533e-01
9.939854498599434152e-01
5.208047654095979695e-01
4.551551173609649226e-01
3.272365880687326811e-01
-4.586087657502813109e-02
3.552853493240697436e-01
-9.400631730261155283e-01
4.578321989264504399e-01
-3.245455566343304898e-01
-5.272864641880050662e-01
-6.493643614775421735e-01
3.567389426470695124e-01
9.907475846107751671e-01
-1.306361806580234042e+00
-3.173308644103276510e-01
3.490202079679356473e-01
3.548242361469140516e-01
2.873686910167490005e-01
1.800392342243744004e-01
6.224723339258830812e-01
-6.450092983587030204e-01
-1.458393007260461172e-01
5.942283015913298883e-01
-7.827897088271940085e-02
-4.038041006999224525e-01
5.363754365687303238e-01
-5.775905327146046986e-01
8.634520483625696130e-01
-3.394380668423260250e-01
9.949267223720459352e-01
-1.920591154707718129e-01
6.961729542373358282e-01
3.255143896017793637e-01
-2.394756136218414433e-01
-7.335168922598416241e-01
2.386398791526997964e-01
-2.896474471915793658e-01
-4.444257543993586079e-01
-1.270679747279834237e-01
-4.923483734856921590e-01
-1.848194908780256274e-01
3.216863063628172537e-01
-5.668292446098548432e-01
7.898787442093195832e-01
7.817019249309273832e-01
3.497419765681595294e-01
7.206475494386326286e-01
-3.000241927590177049e-01
-3.966761969417904599e-01
-6.770264835207435716e-01
1.697032014001480515e-01
-4.852156978996917669e-01
-4.085788470553644025e-01
4.232601819884094230e-01
6.732931430929711691e-01
1.183041693162321106e-01
2.271792790375120052e-01
9.969438768190623801e-01
-6.273966877035273004e-01
