2.598600596616937319e-01
-5.402558473674906603e-01
5.993737765476743196e-01
7.941821594761886427e-01
-5.812958884231307355e-01
4.596989573467098467e-01
1.353719237906789274e+00
-2.179508267793297094e+00
7.048012672347974128e-01
1.883177457349746176e+00
-8.343072987635251625e-01
5.176131852295684510e-01
9.792873963261904402e-01
-1.395307580437311401e+00
7.884058894858880784e-01
1.324199552704436567e+00
-6.818020869155154706e-01
2.622763261292456072e+00
-4.160871181081377657e+00
-5.259464755386515922e-01
1.138894370118356258e-01
-6.401717016155972217e-01
-1.600464652514939079e-01
-6.192176540862899259e-01
-3.393079568244734556e-01
4.079898699178851618e-01
-4.420259729175428642e-01
-1.043160863398106653e+00
5.252181599304717174e-01
-2.784332526061924495e-01
-1.597806754414634600e+00
2.583821734476613230e+00
3.369570634262073483e-01
-2.370358951332861563e-01
-1.072924180808851879e-01
-7.471712725745238703e-01
2.037911454989839832e+00
-9.321060616574270430e-01
-9.633552705275160166e-01
5.598702888230786545e-01
8.042905073601893662e-01
3.221693075378913029e-01
-2.337276648040791382e-01
-1.530889204752095223e+00
6.268101357789586103e-01
-2.401277272595714329e-01
1.087368664030592846e+00
-3.504788167242853247e-01
-8.048354586562522783e-02
-2.862665244494502659e+00
8.027947822629446506e-01
-2.751621150091370094e-01
2.126287430701164216e-01
7.144535417801178845e-01
1.862913800812460163e+00
-1.505142883796495856e-01
-4.960085547342372170e-01
1.490178576382225728e+00
-1.657649909072436145e-01
6.613145252515582051e-01
-7.552435890140447583e-01
7.055827817268138791e-01
7.313320321142517955e-01
2.455711988719643524e-01
2.208967870142219958e-02
-1.517081900108498527e+00
-6.740307288034044220e-01
6.609221281717500007e-01
1.410679932408741566e+00
1.239967842087661865e+00
4.458066154836859418e-01
-1.061616651182279991e+00
-8.244633275960089325e-02
6.637859734720374938e-02
-3.744041069179541159e-01
1.997751138507326329e+00
1.975548237037713095e-01
1.749807619201348974e-01
-1.266453250779137063e-02
-8.532746252654882513e-01
1.890104670531783659e-01
9.843110531360936832e-01
4.426789560887426367e-01
1.437427603058287762e-01
-1.160605363903794984e+00
6.594302981148314480e-02
1.333161156308710016e+00
-9.313760556336987406e-01
1.948401317494167229e-01
-5.108457723585670962e-01
6.015977124436990842e-01
1.827306570684196219e-01
-2.511853518643922811e+00
2.443566698581260965e+00
4.651216021073767415e-01
-8.987884304259767809e-01
-1.100788045262075521e-01
-1.975352781165269800e+00
2.195652363574884802e-02
3.095239489101515140e+00
-1.250019813896538601e+00
1.456455838024935723e+00
4.478866874029005518e-01
-1.784533543446211734e-01
3.062262385117063834e-01
-3.678674805005501813e-01
1.197687063915144901e-01
-9.209391517484353251e-01
-3.713425319017973347e-01
-1.146221368295100795e+00
-8.849920503342362244e-01
1.449709346153547074e+00
1.407080009160561529e+00
2.501076568319049898e+00
-3.916211002676455166e-01
1.313621851283942377e+00
3.700575577707188035e-01
8.806219603803813190e-01
-1.702332256207069738e+00
-1.915474543687289311e+00
-1.320711745930224446e+00
-8.996648267061271298e-01
-7.976577974498848533e-01
2.236000902502360610e+00
-2.461018831889532965e+00
-1.083773125739007082e-01
8.382408040994280274e-01
-8.699304482695627838e-01
-9.379525058731990050e-01
3.463391969632356737e-03
-1.337856900137238902e+00
1.959280588787853938e+00
4.518720944348088020e-01
1.213107156375540230e-01
1.519829398756247230e-01
7.480954153926979711e-01
2.447416222668956642e+00
-2.563319185396442990e+00
-1.167844487649579488e+00
6.775453636630901499e-03
-2.341176387706396245e+00
1.856276656546984594e+00
-6.305319805296680791e-01
1.311929803752402979e+00
3.445700560845953442e-01
7.997191536059489181e-01
2.416888238904804087e-01
4.841901198663456363e-01
-2.878649751571991100e+00
8.423363097733280735e-01
1.158669472394349587e+00
-3.490121306687205660e+00
5.021842519547083938e-01
-4.075224163935986521e-01
6.850395104729725682e-02
4.584709814297196484e-01
-8.105242214464367656e-01
3.935055078647862192e-01
1.848823914642048205e-01
-9.361949161022043997e-01
-9.993230074120433848e-01
2.575747774798298195e-03
5.544997349279584542e-01
4.760573136565044994e-01
1.516209760995481215e+00
5.580867857690570144e-01
-1.849530503831331441e-01
6.056491077910177712e-01
1.552770281889316983e+00
5.299008893073173798e-01
8.466629767144469021e-01
-5.872587543367275842e-01
-9.585739933674689572e-01
-9.585014636640235564e-01
7.223708184576841385e-01
5.465810753279093381e-01
-3.620380188541032496e-01
3.738586151149700942e-01
1.938259380293470002e-01
2.905416681370402987e-01
-2.426886480290403325e-01
-2.313923172588955302e-01
5.880398241015702965e-01
2.308841626684515091e+00
1.110543742089173946e+00
6.899560454401978404e-01
-2.484193775712686403e-01
5.048133441848299263e-01
-1.335091866347120071e-01
7.176231620589244020e-01
-1.454099315359602240e+00
-1.943948344920980453e-01
1.244502659087170393e+00
-1.189370477984009744e+00
5.481845880114073755e-02
-1.458395476608355779e+00
6.029891326996212886e-01
1.095013080974304165e+00
-6.338724487634908034e-01
2.367531277489959507e+00
3.929663517215122859e-01
2.418021242252612613e-01
3.470672862392003566e-01
2.684231088402346366e+00
9.572351696978553814e-02
-1.319058928702742550e+00
-7.139378498268689199e-02
8.339298086961415279e-01
-7.062621319532647046e-01
9.584756062694164136e-01
-3.529839149593740899e-01
1.578858630212288450e+00
5.052364401047765297e-01
5.491920732380279890e-01
3.597013075188675302e-01
1.602200860785312653e+00
-1.518005034596932701e+00
-1.294266875053990518e+00
-1.303512997267850526e-01
-5.670778560782796518e-01
-2.667557206503021749e-01
-1.276347386442880927e-01
-6.402574442439452618e-01
7.471123678174764748e-01
-7.886585948726705375e-01
6.310507586031453009e-01
2.022047272713964894e+00
2.110573550418075595e-01
1.428552340344461768e+00
-1.532886011567745621e-01
1.363960322108293877e+00
-9.713916801183702932e-01
-1.527109037667838010e+00
5.169240439472200244e-02
-1.326487801775417141e+00
-9.680783889422128752e-01
5.555220826113935750e-01
4.067249322146069268e-01
1.089298158123347626e+00
-4.843427083611103190e-01
-3.335887836830956132e+00
-7.113346894984842184e-01
2.634094148469223740e-01
-4.057734555543388577e-01
-8.468828426626684447e-01
7.152457742718786315e-01
4.872086690889350091e-01
9.581591744864133009e-01
1.345121430428418252e+00
1.894946606523129073e-02
-1.936876329809023023e-01
8.740352742056833879e-01
-1.131816793449007985e+00
1.259876310470577021e+00
6.282248666322798325e-02
-8.744125007367562485e-01
-8.397474569956209223e-03
-2.681315357274809408e-01
-2.294935231989987390e-01
7.334009788590063472e-01
-1.250124535806424353e+00
4.824320294747799220e-01
-9.141435796228745136e-01
6.767732621108941693e-01
-9.466207849648791139e-01
