6.174532847964122606e-01
-6.475832536081669311e-01
5.245556079840454355e-01
-2.291639859440415261e-01
-2.956223374267415993e-01
6.156580273976262063e-01
-1.187386665156001886e+00
-1.109392420427319781e+00
1.053088255139129403e+00
-2.703570698635282543e-01
-1.653670814778989584e+00
-2.173286404247081194e-01
2.375800538155055097e-01
7.637844787307024319e-02
-6.314116934537317150e-02
-6.775628767602565050e-01
-1.019564642976960034e-01
-4.860297745539607916e-01
4.192194647386802142e-01
-6.697033589274277166e-01
-8.334610386376737345e-01
-9.386853450336050120e-01
-8.671801175318332167e-01
-1.929113595153438832e+00
1.111112463748187285e-01
-1.187584927794160805e-02
-1.242318658802657350e+00
9.478834040648420611e-02
1.883970498550711081e-01
-3.785818618535958247e-01
-9.096942167690140746e-01
-2.762173993132699401e-01
2.013273704959475108e+00
-5.845932497525737626e-01
-1.082579024696906256e+00
-1.196357104959263395e+00
6.235916544886466184e-01
9.984851445764908462e-02
2.024869894270107107e-01
2.967571436379836669e-01
6.549122206359505594e-01
-8.582754356541257845e-01
4.803171508857886352e-01
-2.862238366296473657e+00
-7.316514002242582304e-01
7.536129433747840167e-01
-1.656150023752797740e+00
-6.064886060397611800e-01
-1.581365924357716057e-01
6.868076053612170995e-05
4.250817063024185938e-01
6.410667540243835116e-01
1.348928016093446702e+00
-3.805952173621947043e-01
-1.138527971813871220e+00
-8.446101584822731656e-01
4.332879947404253418e-01
-5.035104952219279228e-01
-4.395550639016909678e-02
-2.725450504215203296e+00
-3.113119544819713536e-01
-9.795530018996891908e-01
7.591951560975158664e-01
9.089394556956613691e-01
-2.615800210681062943e-01
7.761363237179830232e-01
6.934567772461597279e-03
-4.226727119595274917e-01
7.326609938631318819e-01
-7.025578408602473068e-01
3.049524765970934581e-01
5.422102921814906384e-01
6.677743470128463255e-01
-1.786445833050565035e-01
3.181516716650283350e-01
1.162260642342114902e+00
-8.599190081568359734e-01
-5.809579910243261036e-01
5.774947296535157815e-01
1.041385910868382059e-01
-2.587916013502213897e-01
4.508700030269607861e-01
3.926318189210771248e-01
1.698658135297829830e+00
-1.780317074780711772e-01
-5.686208053418795316e-03
-5.977628160922374700e-01
3.092213218322459323e-01
-3.292183390934058096e-01
8.043304486001825460e-01
-4.392864395200095640e-01
1.249167178193582695e+00
-1.528871501597228733e-01
3.049562187889540699e+00
-3.489823129652138700e-01
4.704058657241934061e-01
5.522073430974929753e-01
-3.379990086429308094e-01
-8.626172022964695429e-01
6.790609130178042463e-01
2.089465833456952693e-01
-4.695638307710698900e-01
-5.289677037581668184e-01
-2.119875058375316534e+00
-2.493106159758087248e-01
-3.909312471734444072e-02
-4.812813587263422566e-01
7.441991822728750705e-01
1.454115692024926521e-01
1.541170931394172161e+00
5.247491816099456585e-01
8.555505988238421011e-02
2.684207622617801547e+00
9.994773943721286802e-01
-1.964417966667053594e-01
-7.058497470315623357e-01
-3.463080084698058059e-01
9.743899404312386103e-01
1.477945777055067467e-01
1.516645686308747409e+00
2.650420832977726793e-01
-3.630625819777195673e-01
6.701567959726517643e-02
-1.407404074910805214e-01
-2.111246002445483771e-01
-3.259200368075498844e-01
-1.962568926383529977e-01
1.577967269899606784e+00
6.925714795455562012e-01
-4.041535891333707387e-01
-1.895375043690569417e+00
-9.898354101378958880e-03
-2.996625440598568169e-01
1.145130467303373312e+00
7.166696249148152287e-01
-2.398104057760600760e+00
6.564590649810031486e-02
4.062364099672333140e-01
9.067134136259223931e-01
4.464009961324284514e-01
1.777010162011039007e-01
-8.635420470292323181e-01
4.999746276148561153e-01
-6.035621422677956982e-01
3.038010766664474005e-01
2.272966208446718372e-01
-7.039307147441895562e-01
5.704610509359580028e-01
-5.160180567700999310e-01
-2.366173896062122584e-01
3.068582932425831800e-01
-6.270638384962989864e-01
-6.503556991603540727e-01
-1.051698411394842880e+00
-3.955702016351876349e-01
-9.988769971140963877e-01
2.745601860942104011e-01
3.660199434911448613e-02
-8.885562794188652802e-01
-6.254187550748284696e-01
6.621272615319588883e-01
2.931449515014306062e-01
7.363418629896245626e-02
-1.133929517104761864e+00
-2.912265662831399204e-01
-2.369864291173465198e-02
4.967721890755851799e-01
-8.002960071189737512e-01
1.028170330055111048e+00
8.002196665976500922e-01
2.762410015887653003e-01
2.828184292096902475e-01
-1.487398462584055281e-01
-9.147785345450287764e-01
-8.905705699026744693e-01
1.200328539866290095e-01
-4.491254249576639435e-01
7.120416120335395505e-01
3.026258339363376293e-01
-8.345022308023655189e-01
2.911294432352351524e-01
-9.318884752745781874e-01
1.054328793661463148e+00
7.645713505609139649e-01
8.763526437543236458e-01
5.988266515561819769e-01
5.233100960374159616e-01
-7.977024366076908013e-01
1.031281098850107769e+00
-2.509438342980729875e-01
-4.749705885995609833e-01
-9.155932075467669851e-01
-5.540443851481591242e-01
1.229083303336340194e+00
7.695721771530285027e-01
-3.225409772692616750e-02
6.690781274740371654e-01
7.030933161943122567e-01
-4.939479559602071301e-01
-4.089922871287916539e-01
-3.013385817811744527e-01
-7.832543826022237976e-01
7.474395485862121991e-01
1.096291717943032040e-02
5.865193514691258159e-02
-7.974686504281436328e-02
-9.979533176921562276e-01
5.365271978176620049e-01
5.387742415058027756e-01
-2.830699245144187026e-01
-5.484153015372510431e-01
-3.357899377370061611e-01
6.792687454629731114e-02
-3.388170544739634860e-01
-7.927850902706548020e-01
6.704937777349817551e-01
1.007113247584551230e-01
-9.263484103283250448e-01
4.340090552974675830e-01
7.612999914114289002e-01
9.029153379469554430e-01
-8.094583087665900845e-01
-4.726327117836528480e-01
-2.564422487535855666e-02
-9.583325637265489583e-01
1.351911809735151238e-03
-1.984304508085581176e-01
1.327155645880049306e+00
3.788150870013944349e-01
3.533754241974522703e-01
5.025508726706078289e-01
1.896398405158175038e-01
5.968937989776890163e-02
4.118425713859474868e-01
-8.343793512711095151e-01
-1.957858747317454240e+00
8.298580447775623092e-01
-1.829585167588823058e-01
-2.332406789363757893e-01
-8.555717570213863254e-01
1.091893877690999215e-01
-3.251159602161048934e-01
-4.167676460087041956e-01
2.059549382426781872e-01
2.298357231279215540e+00
-2.100838659094412808e-01
3.352881810200578627e+00
7.145830213924788676e-01
-1.445841121054416423e-01
6.754460398167863033e-01
1.121645656409877567e-01
9.128519103543217827e-01
9.617425779249249018e-01
-4.049421236985478734e-01
-4.809159824799469352e-01
5.829302137734226896e-02
1.295020308121746844e+00
1.741933963586284051e-02
1.294676596700129245e+00
4.625237491562728120e-01
-7.193615233669479192e-01
3.400613363921531906e-01
9.507801487316882572e-01
9.659840100382048877e-01
3.716980048764351174e-02
