5.026942050281528740e-01
-2.081600969493799802e-01
1.755225092983383695e+00
-1.689110305443118465e+00
4.905919156319702878e+00
3.995299822408563406e-01
-8.444229434059539185e-01
-2.685403741518166854e+00
-1.385223347599723986e+00
8.877695502257332283e-01
1.604694696063202475e+00
4.151904043945171541e-01
-1.991179638035905253e+00
-9.794245577501269340e-01
1.793076648492321290e+00
8.097875665041542881e-02
-6.109080886030882951e+00
-2.953434404988186657e+00
1.117592687828858899e+00
-1.714310994638628127e-01
-2.762575368420147282e+00
2.520362882419050266e+00
9.931850435943776478e-01
-1.613101411092237480e+00
-1.007405601583175603e-01
1.572801170738166165e+00
-2.879174184805516346e-02
9.555751729028477692e-02
-2.611604937989962405e+00
3.116711897097995898e+00
-1.780809257558165770e+00
2.967371027924861959e+00
-1.214499768795940460e+00
-1.203639043265880115e+00
2.264782826105943059e+00
1.328776533830851037e+00
1.937778598841549460e+00
-1.300143835108513946e+00
-3.789868344558964264e-01
-2.026340663423307209e-01
-1.675582300440729977e-01
-4.028161385538880368e-01
-3.837194421705721892e-01
-1.243730123233738327e+00
-3.712083015187543911e-01
1.328863640461440898e+00
9.766775469359634254e-02
-2.320730579962780205e+00
1.830103272542122017e+00
-1.721048294620579844e+00
5.235256477676935027e-01
2.124904338364959067e+00
2.488238294049117005e+00
-5.816912430625839070e-01
-1.092104190493099036e+00
-7.328791662458571388e-01
9.960944380076596216e-01
8.378072872486183043e-01
-3.557128383956906781e-01
-1.785149618252763304e+00
-2.915758668915835905e+00
-2.555064946269053561e+00
-2.207115003127795738e+00
3.522828765489974145e+00
-1.501836959508628278e+00
-2.955048042345895798e+00
2.008018571434608962e-02
3.482318064881990693e+00
-1.358513212200469278e+00
-3.107450455307925186e-02
-1.033255320800269494e+00
1.178668059821518233e+00
1.008814287279597988e-01
-1.703936766642771605e+00
8.915854055206751116e-01
-1.641239297792382645e+00
8.858746741259042601e-01
9.220939977460238524e-01
-1.464462941749629654e-01
1.506574819257203046e+00
-1.862420429249255216e-01
-1.492599319434474214e+00
4.154714887949516822e+00
2.874107985289379830e+00
1.127097976235341692e-01
3.061970553593750921e+00
6.566504626321909566e-01
-1.963486654049594549e+00
-6.860999506776057633e-01
2.896254921773362412e+00
3.160700614966011290e+00
7.998141642885854274e-01
2.816623273597035126e+00
-4.042778432174667813e+00
1.258504962142267036e+00
-2.578631730539841183e+00
-5.071643652606777408e+00
1.245006192470433204e+00
-2.567963681532835274e+00
1.439358402754537858e+00
5.013065312160155607e+00
1.527090479876108464e+00
2.368302251972983719e+00
-1.210367223466647602e+00
2.006068456496307384e+00
2.562011215163752187e+00
-2.340533397574861008e-01
2.525871962281170724e+00
-3.067373476769758023e-02
3.022122369013992005e-01
-2.014081930415404287e+00
-3.267227813523444269e+00
-2.705146089824520317e+00
-4.008100937632704586e+00
-2.593062746223104398e+00
2.577872971630153831e+00
3.740558362109100088e+00
-2.076086390306360219e+00
-3.580691656359385355e+00
9.378782084629428972e-01
-9.512325600783622104e-01
-3.806033859022401877e-01
-2.532055261151669789e+00
2.393854978468443750e+00
1.118652448176580938e+00
1.087578419185832646e+00
-2.818645192345844208e+00
8.887018625501144076e-01
3.062711665429664887e-01
3.695638341017975836e+00
4.322335866047671615e+00
1.068202537718678569e+00
-4.787226529133696395e+00
2.230469053390320866e+00
-1.352076111442183759e+00
-1.756578154645538348e-01
3.119830985545504198e+00
-1.457534142954694523e-01
2.769193110462889962e+00
-9.083855743355633283e-01
-1.101981789045439308e+00
-2.208334006308123154e+00
-1.152941554101823529e+00
-6.063702663886598732e-01
6.191080571065986637e-01
-1.236476553273052392e+00
-3.136853714838568230e+00
-4.421402865607596544e-01
-2.650138449115275185e-01
4.321493559355364056e+00
-4.931586616709505044e+00
-4.628149685956300941e-01
2.506442894476427874e+00
-2.697005627556771645e-01
-4.711204527898031902e-01
-1.117950512156258291e+00
-5.899982729812267124e+00
-1.113075814822463983e+00
-2.374265688095193116e+00
1.723010555537702437e+00
-2.508683531431348701e+00
-6.664367129303730986e-01
-1.451202956871324723e-01
1.323538487598069135e+00
-2.865881073636591392e+00
1.056964940505293438e+00
-1.256601716247531808e+00
1.093013717768963389e+00
3.522324673605494727e+00
-2.863403961578742662e-01
1.079199123538796545e-01
-1.160301573346991910e+00
-2.779309447052892956e+00
-2.739312997666424110e+00
-4.709665397083839800e-01
3.055986058759508683e+00
2.873996135759985249e-01
-3.472417058817716118e+00
2.252137603571645386e+00
1.038631246595918878e+00
-3.586837612060580049e+00
-1.382616121629028472e+00
-2.897057349103259405e+00
-1.994294985960192168e+00
2.389192813286630246e-01
-2.962378886057949412e+00
-3.987198479163206466e-02
3.162290819596030200e+00
2.202200147485320336e+00
5.596786868797847259e-01
-6.741695085443263347e-01
5.815515382826333957e-01
-9.168308964041740339e-01
-2.323936518544522656e+00
1.407188643444100995e+00
1.104569947567518362e+00
-1.844725394370363203e+00
-4.644618681572760810e-01
-1.895680319786705592e-01
-1.199380738960204695e+00
-4.790796175852700678e-01
6.579125435361482532e-01
7.268971993463065884e-01
4.463375126456543995e+00
-1.702823896813133064e+00
-1.577791620506473480e-01
-8.047113382584101249e-01
-1.323998244274437130e+00
2.607936130347934256e+00
-3.044298119622464327e+00
-1.762742933153012226e+00
1.219186744900014219e+00
1.949750799769360277e-01
1.884657897245665126e+00
3.504041101542416214e+00
2.001906162152624624e+00
3.434940316815075612e+00
-2.692290034235289564e+00
-2.009818779242619868e+00
-3.532153963444575329e+00
-2.467864110753579254e+00
8.792201065829470252e-01
-1.305479044783867115e-01
3.038671595275038939e+00
2.648454028928591164e+00
2.150608479749269719e-01
-1.930706602142456152e+00
2.753662814578976104e+00
8.777434851816422468e-01
-2.286348555378894254e+00
-2.639706885530510139e+00
3.575057194418426398e+00
4.580473769788199867e+00
-1.641341268290070987e+00
-2.435001079377479449e+00
-6.265161687301179505e-01
-4.273631766206782423e-01
-2.568517463414778046e+00
1.883355298382540566e+00
-2.312920137593776904e-01
-2.170594954749410554e+00
1.670362355432055690e-01
1.150407396786330416e+00
4.239027710007862160e-01
-4.669535817194034322e-02
3.476111316632923831e+00
-2.262107051087035581e-01
8.854254636707075132e-01
1.596257158935996623e+00
8.956842686269987919e-01
-1.247101028186236027e+00
-4.341646021432377656e-01
2.343463837350295620e+00
1.596432388240631717e-01
-4.595410042702842701e-01
-2.607846413928738283e-01
9.810266934701867836e-01
4.231979841804087705e-01
2.301685114836620194e-01
5.298874132566852024e-01
2.345431243713756331e+00
1.037789914444515516e+00
-8.691899450727000875e-01
7.309194402300272841e+00
1.040839519442002814e+00
