-6.306528270201995356e-01
-1.205988341642286077e+00
2.484387474893237524e+00
2.546698694955043418e+00
7.699507022580488469e-01
-5.415065369249023597e-01
2.045619985664323792e+00
4.351219328914095463e-01
1.470123282339011739e-01
2.352708491064610108e+00
8.281973478759302454e-02
5.984142081607461972e-01
1.909812721363641330e+00
-8.956569974407269097e-01
-7.426706652623474847e-01
-5.778356027837844300e-01
-2.770411031625086284e-02
4.120955658257221543e-01
4.307877036775188406e-01
3.832706913538320936e+00
-6.115325358262249100e-01
4.840708343658744361e+00
-1.136817551246059654e+00
-7.728373119642495404e-01
3.013558579535295934e+00
2.116604129533449896e+00
-3.590595284198047077e-01
4.773196283359912306e-01
1.748604491368100255e+00
-2.548413571750113960e+00
3.189273446666307521e+00
-4.266718233205732957e-01
-4.215038529289955593e-01
6.825795507804723883e-01
5.665445709027470134e-01
-3.440940159472574145e+00
3.348755617431674381e+00
1.068925864963832684e+00
7.212932782895293826e-01
1.822166596854264853e+00
1.739272340427202579e+00
9.247685753902701311e-02
5.095575383614565634e-01
-7.361584508899419177e-01
8.952315190221944441e-01
2.245962115209361176e+00
-2.228862748793004611e-01
-3.540958788866724216e+00
-7.216789079055982992e-01
-1.864792396565388088e+00
-6.769218026751766537e-01
1.932990091295617052e+00
-4.194500584707976820e+00
-6.163674518719668427e-01
6.834850399610498117e-01
-1.849758929979538724e+00
5.231396673388677421e-01
-2.843746392997598349e+00
-3.033973105006659843e+00
1.038988832701045695e+00
-1.160370206883501343e+00
1.319999618420177434e+00
-1.694434554557936012e+00
1.881823261516222479e+00
3.771675357228985170e-01
-2.741306662134842753e+00
-8.453031833315453047e-01
9.619555020490002661e-01
1.670087014678096615e+00
-9.005918386878776216e-01
6.792481741436632303e-01
1.222327938559796934e+00
-1.141761841711092407e+00
-2.281694353929146768e+00
-5.806903111987913313e-01
-1.744352241875561260e+00
3.835625639370841444e+00
1.622316043093640747e+00
2.296595695757429390e+00
2.433207913378895526e+00
-1.155692761307191896e+00
-5.401295577380059720e-01
-1.574482168248746872e+00
-1.883841948674582545e+00
3.459993402301546617e-01
-1.158386009275083756e-01
-2.412485990273508296e+00
-1.293027313262726130e+00
-1.573469605079437006e+00
6.644986659465641488e-01
-4.198705747669120747e+00
1.661097442165108129e+00
2.983423876034657418e+00
-2.837995856902872482e+00
-1.905723821342439228e+00
6.764278844788121914e-01
5.769797529808869951e-01
2.008585943682606789e+00
1.669403453473648380e+00
-2.240945047527847400e+00
-5.536414711215442708e-01
-2.391525729322842242e+00
-9.783821199757948284e-01
-1.007146551335243778e+00
7.056263171754528774e-01
7.340880686453301607e-01
-5.349440434797582133e-01
3.955527120173806033e+00
-1.097982217176254327e+00
3.713604070676106428e-01
-2.067899249890607027e+00
-2.654679773200851134e+00
3.805862999678241154e-01
-9.828752266105715840e-01
3.981775820439437119e-01
9.065296474933692839e-01
-2.784277172709473280e+00
-2.708241317729822129e+00
3.128710755663515197e-01
1.251584461824417183e+00
1.630171685463841946e+00
-1.068204217268668321e+00
2.522198874173308347e+00
-7.848175132648677055e-01
3.658655699589633548e-01
2.832042739432253375e-01
-1.934419551827165407e+00
-1.549976080986869453e+00
3.364423524669525989e+00
1.238299277146214239e+00
-9.568747640997106174e-01
-1.155937474483050842e-01
-3.548677266184900314e-01
-2.965533933979477510e+00
9.362637029552005608e-01
2.768276780329849363e+00
-4.117094729829061106e-01
-1.973353686933368545e+00
2.739806662944845872e-01
-8.406352336840428041e-01
-8.158642266304902080e+00
9.976163872459675730e-01
1.054029254909383262e+00
-2.173462962282471267e+00
-3.390503715098837745e+00
1.640620382890099815e+00
-3.476419540954234222e+00
-3.347307119297449063e-01
3.705804642100289037e+00
-1.348097247481386596e+00
-1.364883778499555333e+00
3.319661413095461588e-01
1.371326946067493502e+00
5.847708827916177299e+00
5.558921561719044613e-01
6.423045679888845783e-01
-6.760688499880215252e-01
-3.547691840623563575e-01
9.402773326863255177e-01
2.145584489830828279e+00
-2.945373884683609056e+00
-1.590615171137140571e+00
1.879636943754832146e+00
4.026521678098716528e+00
-1.776321373066618747e+00
1.090803009469975549e-01
-1.115678451076358879e+00
1.858032332981932155e+00
-1.201230319851894990e+00
-2.150497196040597192e+00
-2.469476947126900690e+00
8.320632861121541879e-01
2.013791468995970724e-01
5.497189002778791744e-01
3.657240523552598432e-01
2.833405661136765730e+00
-1.053199622128062840e+00
6.260174420497580883e+00
7.159601406184548100e-01
6.041354743836073737e-01
-2.338589802205346957e-01
2.498625608136307630e+00
-5.893679653013645936e-01
2.811623782039830655e+00
-8.944440340868755612e-01
-2.449137111794412291e+00
2.480581323308443054e+00
-3.477494179577190203e-01
-3.121888889280387325e+00
8.733824734798644185e-01
-7.557101231037472111e+00
1.121351827175895988e+00
1.054450462180402948e+00
-4.667367936000070272e-01
2.631934044283237295e+00
-2.094942606329672774e+00
-2.616924657702270895e-01
3.269485407861003612e+00
-1.572056032030260342e+00
-1.404804341252132716e+00
-1.237827051043538518e+00
-2.173919696498056719e+00
-1.446243448723689484e+00
-1.414139466958545199e+00
-5.002815582647821557e-01
2.361053760184342210e+00
1.649949832483132539e+00
-1.310944062123162723e+00
-8.705628629041068933e-01
2.126858408389312949e+00
-1.134886354271952058e+00
9.581739002970894870e-01
1.172054287056943922e+00
1.451102106701299910e+00
9.164645801850486440e-02
-5.675145885507954624e+00
-1.345999894376086026e+00
-8.920847745951154817e-01
-2.094417642012335712e+00
8.613136734837167907e-02
7.042235227365949424e-01
1.410653752089673585e+00
-3.417140684980163878e-01
1.467777704600267352e+00
-7.308998244110779252e-01
8.900286638643200021e-01
-3.715114173317603186e+00
3.186020839426073170e+00
1.700875420284613027e+00
-2.542008827322845832e+00
-8.535205270328494187e-02
-6.529430705522238920e-01
-8.522682758482028609e-01
5.405590534275235282e-01
2.815280493521671312e-01
-7.020294026750559802e-01
6.331956628901653783e-01
-2.859709630700693950e+00
-1.486735610229673599e+00
-1.550578048155506483e+00
-1.595213442462287023e+00
-1.317643399586395869e+00
-8.484708310076051196e-01
-9.243185296744804713e-02
-1.960509037084579020e-01
-2.281527112488022535e+00
4.045291140058235868e-01
3.679891193264229976e+00
-3.825424079852983716e-01
7.598650713582066896e-01
-9.730008175213781252e-01
1.537421884220761648e+00
-6.677672940933665480e-02
1.062843585925857148e+00
1.364377611400546364e+00
-3.691932912544308554e+00
-3.565720465915685478e-01
-2.010150927836822365e+00
-2.328149903631282491e-02
5.774598079875941092e-01
-8.373677680131138557e-01
-5.639201066419547992e-01
1.219457431581060014e+00
2.683584552132478152e+00
8.414060627425893335e-01
