2.463818980441503825e+00
-8.111536712135073435e-01
4.359403634626808355e+00
3.682053345263695654e+00
-1.297725052746467878e-01
2.719937362865803010e+00
-9.291314259972313083e-01
-2.552847373593031488e+00
3.214503167148033413e-01
1.242832693815205447e+00
5.506911678189878590e-01
1.471054096017117896e+00
2.609863719030755647e+00
-2.630901826223865037e+00
1.872237513460784930e+00
5.289345913319916104e-01
-3.511982030333854699e+00
8.009595384111736216e-01
9.789808574230913774e-01
-8.620715929954227974e-01
-2.154735676904932618e+00
-7.079745035563208555e-01
-4.985899486916665069e-01
-1.528713347677353562e+00
-2.977352071784185483e+00
-1.348183234932380348e+00
4.922372513219308576e-01
-5.834899780134275016e-01
2.566004039002680592e+00
-1.787709582961437560e-01
2.138377204302371215e+00
3.522466909265958845e-01
1.613531139397992309e-01
1.617897512222679524e+00
1.821072126206747521e-01
1.578583677204667302e+00
1.213427237797602309e+00
-7.844461861533950087e-01
2.456750899697263346e+00
2.028488350424170861e+00
1.086763682119443963e+00
-1.257327562774386731e+00
-2.062764155778320507e+00
2.020993177885263226e+00
6.546168637940279478e-01
9.896839402387676010e-01
5.190974747851531679e-03
8.469806097417355017e-01
-6.105339504193125766e-01
1.250918107703361981e+00
-1.786483091987794314e+00
5.940043532099976709e-01
4.221411497423601666e-01
-1.446037846957791251e+00
-3.268437752290576093e-01
4.298421169710855971e-01
2.018054504441562091e+00
-2.951967362850578702e+00
-1.464498582043421759e+00
-1.655787071335876881e+00
-2.978989776114961074e+00
-3.447555675825879185e+00
-4.172968593877621757e-01
1.743739374756761995e+00
8.661898097354610027e-01
-2.271732625977964659e+00
2.121208969720433934e-02
-6.893209717408697035e-01
-1.194591548081828103e+00
-4.606306725675453628e-01
-2.521771876817200830e+00
-4.556466365970744947e-01
-5.438493223814122590e-03
2.314467787653391451e+00
-3.513835622641920065e+00
-1.148962032258030508e+00
2.023470903248855701e-01
2.126403170749592064e+00
-1.050768409658308755e+00
8.478740837128017072e-01
-3.705569075474742791e-01
-6.921721699596939947e-01
1.991205049774166014e+00
9.584768762129032282e-01
8.052544158961129073e-01
1.664384351327263589e+00
3.155231195322284243e+00
-3.575231542469853530e+00
-2.141907677785691577e-01
-6.415864194311795554e-01
-3.871002361802712288e-01
-1.279824994706397545e+00
-1.491937312881391087e+00
-8.151441969402948295e-01
-5.148467201878563770e+00
4.570594136656261242e+00
1.106189248114572310e+00
-1.991253700779714642e+00
-9.791311763138115243e-01
-8.644124444172562871e-01
-2.504006641073114103e+00
-1.540879980225064783e+00
-1.452348706600135042e+00
-9.536284585485781395e-01
4.632814384676039232e+00
-4.748169713648836776e+00
2.427552456479489695e+00
2.200448759114165043e+00
-7.564104944599412406e-01
1.975225093245090990e-01
1.249397953462892286e+00
-1.424490908245758192e+00
2.827922943220770424e+00
2.185357030958362756e+00
-1.769806135197582675e+00
-8.576001758658018392e-01
4.227273813868370311e+00
1.358122608103783824e+00
-6.345700306158872372e-01
-3.384723992246964075e-01
-1.505501802845878423e+00
-4.255586266015745522e+00
1.015362021701412987e+00
1.455360435896124738e+00
-1.114143799074302388e+00
2.366734931747267012e+00
-1.864241465581093049e+00
-2.879063673093066988e+00
-3.848879266322918102e+00
-2.066125409616863529e-01
2.445140382313929717e+00
-5.672273732181760675e-01
3.844452784900287412e-02
1.680643260132266725e+00
-1.876545943035700548e+00
-3.520329921532619810e+00
1.792276651012013389e+00
1.972050852616668459e+00
1.176606161906055492e+00
-3.346447786911805333e-01
1.105389206868591323e+00
-3.203369548784086973e+00
-2.197001571543630405e+00
-2.006581570711040818e+00
-1.129173033889676603e+00
3.022831726460653012e-01
-4.969058426597883216e-01
-1.034595579554241196e+00
6.290012080883469192e-01
-4.475548555869353073e+00
1.181004249688014207e+00
1.483996781700521739e+00
-1.242628447395694113e+00
4.381708364178400927e+00
1.760725520461112470e-01
-1.697487692655397673e+00
-7.181232372202277503e-01
-1.125322246161165829e+00
-9.398688497026301825e-01
-6.529587787944385546e+00
-1.282978596602823984e+00
-1.235107930726966785e+00
-2.484604999118124269e+00
1.317009635408607604e+00
-2.530639890358298949e+00
-7.483507591880003140e-01
-2.106413998251003505e+00
-3.017721192973144007e-02
-5.325110851029202230e-01
1.545038546632083953e+00
3.738616023398420585e-01
-2.924122377803013428e+00
-1.741380317698170366e+00
-2.843742619246824699e+00
-8.324800235475501298e-01
-4.637749607936469509e+00
-1.008314843946886530e+00
4.212077130772928335e+00
-1.173895070017300757e+00
2.301054949120760362e+00
3.165929242243287201e-01
-2.842388681508007053e+00
-1.422322162291296266e-01
1.528264807285426796e+00
-1.758411114194391445e-03
1.341869549940711392e+00
-9.464820589289385522e-01
3.210605753373484639e+00
-2.459873686385033453e-02
3.380441109836118230e+00
1.263304397730920847e+00
-6.089274199150481737e-01
1.490975334844060640e+00
-8.109411680302726078e-01
1.404850800563968161e+00
-3.162137863306314856e+00
-2.824267454262739729e+00
-6.575232646397954905e-02
2.298844039420396834e-01
-5.045245094810990594e-01
-6.750266273622024249e-01
1.565385087105683359e+00
1.002280441900469610e+00
1.657663584965473058e+00
2.668927262866322425e-01
7.975921717686145218e-01
8.649105413306534818e-01
3.206643213219666944e+00
-1.225198136703631757e+00
2.027484958789803837e+00
-3.645914200113100634e-01
3.157167001343467394e+00
-1.319527864736558254e+00
3.160492464314894612e+00
-3.199141522255726677e+00
-3.052227450330609049e+00
6.166324304305020876e-01
1.354392778435519196e+00
2.482067575263138703e+00
-2.126182131298583577e+00
-4.440984706407238303e-01
-1.819433568680333568e+00
4.496849208474397175e-01
-6.767618197211013875e-01
-5.277462295673602810e-01
-1.371461687692359988e+00
6.224200837983673296e-02
-1.650781208457705596e-01
1.716090985704621596e+00
-6.181572717357151081e-01
-3.296320967403312818e-01
2.920975583479080484e+00
-1.027395838299486108e+00
4.408776735952987913e+00
2.534155942603321776e+00
-3.953622681597661614e-01
-1.288699058660955021e+00
-3.658077411042224725e+00
5.980851637074335869e-01
-1.804700414334447167e+00
-2.293910661962534014e+00
1.756496629657476438e+00
-8.061982906534648219e-02
-1.418249794573220868e-01
4.032486374991164801e+00
-5.746677451378477963e-01
-4.725243274280037653e+00
-4.192736006997687781e+00
6.499873159732796335e-01
3.323664460786977415e+00
-3.570941381485005284e+00
1.017512820981819388e+00
1.719563800455665037e+00
-5.677403957295639181e+00
7.251191803975480799e-01
2.497060174263235899e-01
-1.713794980509666388e+00
1.192625430652424878e+00
1.930751002027239149e+00
2.118521524699245262e+00
5.707679295787803087e-01
1.041382616804425343e+00
9.704830500207850541e-02
6.295522244831628367e-01
-4.430665138716375573e+00
