9.151319333661618316e-01
9.156813192913992872e-01
-5.918226513803745981e-01
9.695982345419797976e-01
1.787595247386900010e-01
2.976255520321915427e-01
-7.749614145506082963e-01
-7.051855582873682859e-01
4.759943732975767117e-01
-7.763503789971282210e-02
8.723582492453646475e-01
-1.201705976366971296e+00
-8.735855574107342925e-01
-2.380860939342753557e+00
8.425150348413573687e-01
-1.631053937534117759e+00
5.292350231192051169e-01
4.737906226428663103e-01
5.811320931245689270e-01
-2.562917195076019894e-02
-1.757562287593601891e+00
1.154899927581182206e-01
-1.116910184190692545e+00
-6.020548183212333093e-01
-1.694349270426438459e+00
-1.786736737994540469e+00
-3.075615053145690503e-01
-1.533752446699198968e+00
2.341162282994146970e-01
-8.541732139073827668e-01
-1.421982584320238718e+00
-1.581867102839082717e+00
5.422595552684119635e-01
-5.169804812413572037e-01
-1.207485525808025928e+00
-1.361755442999763172e-02
-1.772743584945703166e+00
1.141380721727984104e+00
1.288829368608047199e+00
-5.748511362600197128e-01
-1.381156390364612907e+00
7.098786273363006938e-01
1.362972922428549838e+00
1.209928224361609406e-01
-9.396392151549060046e-01
1.881275019383800817e+00
7.627947152977604395e-02
-4.975833550275826633e-01
6.029687509360067699e-01
-5.253557545409859308e-01
4.689561753803492827e-01
7.588000040226394738e-02
-5.521434162097764720e-01
1.334382053887406938e+00
9.674621167010211131e-02
3.799374606972980573e-01
-1.729550685231493024e+00
-2.958750652988688667e-01
-1.849595880648057467e+00
2.803106962820002046e+00
2.321910364953068129e+00
4.859305800794850860e-01
1.020935573257324203e+00
4.110673945846208266e-01
8.491585333451643347e-01
4.051015121674104158e-01
3.789361944139656435e-01
-8.044097084808270459e-01
-1.583968341003165747e-01
-9.055203592909810695e-02
-1.282842889259997232e+00
-8.742619829272657572e-01
5.953081715374186622e-02
1.218204265345687709e+00
2.044212218205909259e+00
5.865576450057206070e-01
-7.753208452882216495e-01
4.481997254695202493e-02
1.036374953449414882e-02
1.848467428951099834e+00
-1.187654708342073206e+00
-9.616958460419711141e-01
-9.931187137791395170e-01
2.175926706732951299e+00
3.927632992901368691e-01
7.116472639310313930e-01
-3.924942449742312989e-01
-2.568227916416289780e+00
5.740525737761330571e-01
7.578966839426788393e-01
5.566418347169459491e-01
8.124382316089044931e-01
6.089161207174289547e-01
8.259186772874512750e-01
2.074925041926922731e-01
-2.697732809245613428e+00
-3.330917721558658950e+00
-2.813968135285271899e-02
-1.335311514235404173e+00
-1.281614165468442090e-02
1.036036299264349259e+00
-6.413441406180411253e-01
1.826318399555494132e+00
1.787422140695137385e-01
-4.703419488331950227e-02
-9.849459442769727957e-01
4.709411014288158448e-01
8.382329060230839790e-01
2.832466020711339461e-01
4.653238836824685754e-01
-2.287638782192737141e-02
-3.913810294429112546e-02
-6.238748406105845135e-01
-7.779535755534221497e-01
1.320775094349451173e-01
1.163789042250582551e+00
-5.111213778722301093e-02
-4.589424494874112526e-01
1.393597671395911952e+00
-7.968743393779811335e-01
5.108665389569806425e-01
-1.331912581911478544e-01
-1.533417597913111496e-01
-6.250761036320464648e-01
2.634968870753524595e-01
-7.004752550697025404e-01
-5.574921679337545566e-01
-9.293147753802286637e-01
2.045804492881997394e-01
-1.807781877573669593e+00
5.198639323866047768e-01
-5.030788574312017314e-02
-9.775469773121584494e-01
-9.232998653330914962e-02
-9.518599793862803082e-01
-7.320100660253194835e-01
6.820132498492241790e-01
1.233878890656195104e-01
-1.707259234290929628e+00
8.940366500790604132e-01
9.168186172049859195e-01
-2.153200989880086347e+00
-1.706027621666621918e+00
2.018628703315808792e+00
1.206690450613463028e+00
-8.761677590722772857e-01
5.037815398806317901e-01
3.044777599408615143e-01
-5.336986466652500205e-01
2.007481608115097238e+00
1.410191946257371987e+00
-1.335129678825541788e+00
-7.778176658670790111e-01
-5.545912782100654859e-01
-1.372144172815730867e+00
-8.854583523885553031e-01
-1.637981838838664661e+00
1.235074040201491030e+00
-1.365332800028924432e-01
2.017700124324252053e-01
-1.163747415118958628e+00
6.602395872040467406e-02
4.299646681669444526e-02
7.265917617995458766e-01
-4.518800976084593746e-01
1.050203400172023516e+00
1.093685261525795482e+00
1.299287126455276553e+00
-5.228696920448341334e-01
-3.020445682605806148e+00
3.872229864925400555e-01
-2.698927135990039972e+00
-1.712276661094391139e+00
-2.007730947254810161e+00
-4.050210377552755370e-01
1.547645814549392096e-01
-8.629534698771870183e-01
-3.991147691659262531e-01
8.354806742628828609e-01
8.103612472518778587e-01
2.455756718782839965e-01
-3.124951911563842444e-01
-5.942146061199593543e-02
2.924591744395887982e-01
3.943395161444158692e-01
-7.866876761566499177e-02
-7.092448898535111956e-01
6.954434707423600148e-01
4.883346644736342057e+00
-1.817691391280940316e-01
7.559690654201718374e-01
-1.919761058499812600e-01
-9.448540008838628435e-01
1.156937913740496482e+00
-2.595179082466596565e+00
-4.619054632835291052e-01
9.732234383022906332e-01
1.772878147193713394e+00
-1.030090007474861569e+00
-5.204635829288553062e-01
-6.641721352906634346e-01
-7.303749848631340136e-01
1.041065702075983257e+00
5.114505902178312358e-01
3.671583011888255865e-01
8.748102093734226870e-01
-4.266265682954029081e-02
-1.674750234989373476e+00
1.736228790038411907e+00
4.077940405707722871e-01
-4.264696467073367248e-01
2.246447193725220171e+00
-9.247876853836480837e-01
5.389455007379417850e-01
8.368235669331429705e-01
-6.454134630472105894e-01
5.706248729904426220e-01
-4.139993974642282026e-01
-1.227962585534402296e+00
-3.449260189125010534e+00
1.583673456432424187e+00
3.992550943276715891e-01
-4.685738463442548074e-01
-9.091504992798082885e-01
-3.204498695595415114e+00
-1.364771911756416101e+00
1.077236243838993968e+00
-2.255983298626804689e-01
-2.278785836235067030e+00
-1.876503320861853563e+00
-2.091960965177764864e-01
1.894724023333769214e-01
-9.918580149588929196e-01
7.732247074816034349e-01
-2.492279358892115493e-01
5.829940221967333525e-01
8.624135015270688598e-01
-4.275771487542612270e-01
-3.349832411864609449e-01
-2.831339382505615454e+00
-6.211602684064938540e-01
4.475689238252332780e-01
1.896543306921170791e+00
2.346029339021750149e-01
5.755144177197095701e-01
-1.299494466696789363e+00
-1.468312796695997458e-01
-6.872132967005395443e-02
-4.723737506786821472e-01
-7.524665423857881952e-02
-4.300630600758996724e-01
-3.316569701801149739e-01
1.060275535490489140e+00
1.111005560926881852e+00
-4.978428864550954458e-02
-2.362962561733218392e-01
-1.040173485811859422e+00
-4.081558423293333293e-01
6.854377363451262806e-01
-5.133180625221331894e-01
-6.543925905377599994e-01
-8.803805612495996247e-01
5.631559190977706297e-01
4.001017028215668736e-01
-4.636492152838767589e-01
