-5.705221051623983186e-01
6.599700428480406167e-01
2.427760305115234107e-01
3.090302452207482897e-01
-2.439720299852332630e-01
-5.133820622000129230e-01
9.429144559905981993e-01
-2.646447316973734587e-01
1.453017021252149821e-01
7.641993619508760105e-01
-3.613261391551343404e-01
-8.555517381974464541e-03
-1.998827933995741546e-01
-2.963209265115722690e-01
6.722871133304753055e-01
9.606406721948592686e-01
8.675135666880877672e-01
5.268515035818577275e-01
-1.728376446853461257e-01
-3.902116892200218068e-01
-2.045712998825430784e-01
3.295620475768803459e-01
-9.137229319389414961e-01
-3.750669243793025576e-01
-7.015995161237444933e-01
9.548597305586836725e-02
3.675154404652021256e-01
-8.603060810839695538e-01
3.085210116112557799e-01
-8.944549785291453503e-01
-3.855425575720929920e-01
-9.861911655631674378e-01
-8.249197272294561678e-02
-1.168570415307497168e-01
8.694793637196098768e-01
4.429169212138019951e-01
6.062601144256407615e-01
3.353385196643561272e-01
7.582546291946923311e-01
-6.445281455780536017e-01
-8.579351847223868344e-01
2.110496547522706656e-01
8.368146565508325363e-01
-5.229994572574010459e-01
4.549640866343318546e-01
8.587071096836367268e-01
-1.315930606079260823e-01
-7.310820707320138112e-01
-4.944804011533809884e-02
3.660173061205704848e-01
-7.219978225717502696e-01
7.630578464798039029e-01
-4.285327494779154200e-01
7.295574374798403650e-01
1.217918629822114518e-01
5.151338527584430338e-01
-8.809957867777051810e-02
-1.923865921329519502e-01
1.111933991399605137e-01
2.813354507891039358e-01
9.506665516756325207e-01
-9.064734303893151601e-01
1.529861272266908045e-02
-5.116609982379360932e-01
-8.586345363384926266e-01
-2.792003169310357524e-01
9.623410417637607850e-01
-6.031576001201965909e-04
-9.610113733789209522e-01
5.740933826927667738e-01
8.831406335220566284e-01
6.054260014534742496e-01
4.225553737375455920e-01
-1.534747118180086467e-01
4.294972783273709460e-01
-3.839580918746667848e-01
-4.776571791926453869e-02
-5.265489472641338153e-02
-3.350956493092325239e-01
6.897218865713254932e-01
3.279469785557194150e-01
-4.789524646501144289e-01
5.152177471276233600e-01
-5.429107954017897697e-01
7.411393592554205156e-01
-8.872942648672303978e-01
-7.777650658941470674e-01
8.033770290170505479e-01
7.411554886212974314e-01
-5.186055073860289522e-01
6.870838761171349507e-01
9.859561046461775558e-01
6.549187897279582504e-01
-2.447439233170345396e-02
-2.982282784183143409e-01
8.986202592045786641e-01
-5.690537702810729570e-01
3.371402305467539051e-01
-6.520709245221676387e-01
8.617594175445835170e-01
-6.445424319372792255e-01
4.601193096667421933e-01
-2.967578700046897833e-01
6.500060481617901953e-01
7.002166466764607744e-01
-1.386101791207019485e-01
3.187468847106973424e-01
-2.271056435374554372e-01
2.998665528806607750e-01
4.862670527318213587e-01
4.155495764698720063e-01
4.624414658028761504e-01
1.765723586851875027e-01
-2.414131878606844417e-01
-7.325134345207973130e-01
5.117063437000413106e-01
-8.506155797554924014e-01
8.696139085891265719e-01
-1.905035779557462394e-01
-1.450276216944335061e-02
1.500593306133495286e-01
-8.963298333490934411e-01
-7.535025579347969238e-01
-1.095958655460582687e-01
-4.007155170118912313e-01
2.052720501804947695e-01
1.097815422668591001e-01
-8.067375376340946147e-02
6.583587892273807807e-01
1.996240785085063862e-01
3.806382496945273086e-01
-5.271234085822762427e-01
-8.879552967568764554e-01
2.518393667706038119e-01
5.631434669241393021e-01
-9.706912972326042777e-01
-6.557734990656487462e-01
3.216758223700120212e-01
-5.909233819733754611e-01
8.390904534925736069e-01
6.344951574293489216e-03
-2.050892618607835782e-01
2.014448188186057642e-02
-8.647809844925526956e-01
-6.087723938004332425e-01
-4.488739792362070880e-01
6.562669125203055565e-01
-6.976654121118495144e-01
-5.893784891553819349e-01
-7.545873072096915823e-01
2.577955276852261779e-01
-9.033088053845390597e-01
2.971835443058230553e-01
-4.345408743567569232e-01
2.645596205318516692e-01
3.318805756595326617e-01
-1.284049234743283030e-01
1.095259897174121200e-01
4.753593310236354785e-01
-4.710336764638540785e-01
-9.702520264470722022e-01
-2.707492152929527052e-01
6.029590903874604280e-01
2.483872693741711046e-01
3.839773409263791404e-01
-7.151185544190761245e-01
-4.751614704670961142e-01
1.342197581379709348e-01
-6.453803369894901554e-01
-9.416779568403179645e-01
7.470497098837609595e-01
-3.666436062985038991e-01
-3.310902643197790596e-01
2.660773462688599267e-01
-4.021917739639631062e-01
-4.840294995890781493e-03
-2.281631954880340984e-01
-5.331352044866575213e-01
3.402451804425166149e-01
-1.795565458062926556e-01
-1.782561096354426944e-01
-1.932807007922414666e-01
8.819875057870618651e-01
-8.489218110140395179e-01
-1.741470156716407036e-01
-2.994531879273543140e-01
-2.025091045335907225e-01
-2.341629736472099488e-01
7.491142145948337383e-01
-1.733796042333932697e-01
6.923787526818852012e-01
1.157297970506045992e-01
-8.258685190571890544e-01
-7.976158781722642033e-03
-9.400383059320345236e-01
-5.361369568142180242e-01
-1.691632331769441500e-01
-9.312051567781429728e-01
-5.052210243922068411e-01
-8.500547626219849828e-01
-9.983976153792752939e-01
-5.859404249077497795e-01
-9.811904227019376812e-01
-6.491104740219189040e-02
-7.468238729368834594e-01
2.223419577859200302e-01
-8.313074460219154194e-01
-2.097201804915111989e-01
-9.055640223169403313e-02
6.874042845766830112e-01
-2.491708312400930936e-02
-1.511997550577710570e-01
5.537996665793913920e-01
7.744214171783081468e-01
5.332386516723564007e-02
-9.092654226867367129e-01
2.827627160099703829e-01
-4.372178009767191398e-02
8.759757304177140380e-01
-5.136124414916560799e-01
-3.619716066762488360e-01
-4.373891504988813850e-01
2.869159676193835384e-01
1.222799400706553463e-02
9.604921662185472719e-02
1.636089492589554162e-02
-7.895876577182037170e-01
3.681635570472518992e-03
-4.387359515650435249e-01
8.714809288765164030e-01
6.842692337375910760e-02
-4.720720288733475378e-01
9.074360962662624264e-01
9.263338616945795412e-01
1.737878153294418748e-01
8.016719082115937312e-01
2.990149181212464757e-01
-5.737422048217426518e-01
-5.382782636642715612e-01
-5.412835238739432953e-02
-7.989831691113105094e-01
7.681617690861173298e-01
-4.088320817338075841e-02
6.045583821749815900e-01
2.992003462421832793e-02
-3.642245486860309356e-01
-7.742978722938649305e-01
5.092429741047892477e-01
1.480663332868581428e-02
7.564412575944461370e-01
8.152740514052405629e-01
4.347174596405818381e-01
3.220867112524106179e-01
-9.818899693488791769e-01
9.521754170791731919e-01
-9.289104757978439153e-02
9.102857904271735023e-01
1.895418959084536059e-01
9.780367934864113710e-01
-7.806529612798378537e-01
-1.542107213843284530e-01
-1.398086643848459598e-01
4.260787726028048006e-02
8.562427435460648883e-01
6.844381637952010600e-01
