4.561306289720148399e-01
-9.809381706553792490e-01
-6.821258856153675776e-01
9.446603046028632100e-01
-9.599495355896947579e-01
5.844268511197225902e-01
-8.079119794108229335e-01
5.775867231362745713e-01
-1.622278067591564898e-02
-9.905249162472329338e-02
-8.703869990967201264e-01
3.920382522898773203e-01
-7.869915191731174930e-01
8.771351700006633223e-01
8.893241017826043482e-01
-7.931053689630971348e-01
7.735351145136621920e-01
4.254119587081439668e-01
-5.482517927397561053e-01
7.896576827618215777e-01
7.508702342460693568e-01
-8.283234601924431839e-01
-6.505812918694922065e-01
-1.377589681241233599e-01
-5.946440321811206076e-01
-3.005969787836235696e-01
-5.563031781775618079e-01
7.245464532583010264e-01
1.505256091501804283e-01
-5.196479419360722218e-02
-1.788785497160116922e-01
-3.024017824330065274e-01
3.885110799128668191e-01
5.441731119880128809e-01
-9.563460243830628205e-01
4.897441493188536832e-01
6.499291106321876121e-01
-4.077356683304633744e-01
-3.867828864853117832e-01
-7.120115211330846350e-02
1.006218305854449380e+00
1.130157280860788926e+00
-4.046266190034579768e-01
-1.276564189665283955e+00
1.114387019798317446e-01
-2.266356155982578446e-01
9.701510607457164426e-02
-1.033308455152532890e-01
5.991645597504240417e-01
-6.954438491745875695e-01
7.743065256752634795e-02
-6.146701743254932016e-01
-7.360624518150093998e-02
-7.416529837361116595e-01
3.541745512529346218e-01
1.186425941104511939e-01
-8.026493722899241678e-01
8.292818041792398009e-01
2.866282002942144302e-03
1.977213922980266547e+00
-2.517270628077639127e-01
-6.936314848255520360e-02
5.352979547615479561e-01
5.282466588266547802e-01
-4.426944427141612515e-01
-9.404976910124420719e-01
-9.101527481181403978e-02
7.080182343336902662e-01
-2.941667937905276808e-01
-1.798400813865861370e-01
3.128920243603821039e-01
2.880937944258901151e-01
9.223587946027205220e-01
7.926726647008839333e-01
-1.579214054265329903e-01
-6.280547420431839001e-01
-8.411725365283779787e-01
6.004043804000538387e-01
-1.698630172800685845e-01
7.735362928430546958e-01
-3.005537122350918633e-01
-7.312913433779018035e-01
2.393219899809433393e-01
-2.607184650206666454e-01
1.811511896028605850e-01
7.492031545262654024e-01
-9.862396086180471588e-01
7.271205465695183001e-01
-2.319994431764511589e-01
-9.826747833626565676e-01
-1.420675315522375026e-01
2.788638693225287124e-01
-3.717312474693745816e-01
-5.999717519477911765e-01
-6.318697020201065051e-01
1.387209338136715653e-01
9.682071095010462702e-01
6.259710928792985296e-01
-8.477905870641511132e-01
8.731562082004795666e-01
-4.084291731538356451e-01
8.949324944660710379e-01
-7.758111482742577891e-01
4.003431379157094128e-01
-7.685790139090804551e-01
8.875926864231402647e-01
-9.592821203946091391e-01
9.230411170033517854e-01
-7.917278226159628618e-01
6.700684109229979590e-01
3.074820650048417647e-01
-4.304792490150410877e-01
9.340295793651329781e-01
4.519652659212761714e-01
2.259775957005774050e-01
4.787948473063201593e-01
-9.890389253361406841e-01
-6.780911508071687521e-01
-1.832593253234116037e-01
3.918626422918538577e-01
1.228312331189940210e-01
-7.024505519239065965e-01
4.956091560696367360e-01
-4.598525504837653877e-01
-8.650417730930806126e-01
-2.661347098063537864e-01
-4.284249272913257522e-01
-1.300158019315393876e-01
-3.119726163094280746e-01
-2.591524162178147073e-01
1.257424139878529967e+00
-9.020268761491514464e-01
7.027668267488789144e-01
2.904146886793546045e-01
-5.981572969859791922e-01
7.708746081274635564e-01
5.289699130490528312e-01
-8.041223797064938061e-01
-1.972235639111263872e+00
-1.324560378196635302e+00
-8.414170037454604678e-01
6.787561268881445731e-01
-5.142286095601793505e-01
-9.063751085298166199e-01
2.678715162982137077e-01
-2.347535621836809305e-01
-4.317355117106103091e-01
-7.417514394618196505e-01
6.080240303791333289e-01
2.684091652267088790e-01
-7.460092487856073706e-01
8.929018295516788495e-01
-2.660262290088666326e-01
4.867959502868581811e-01
5.411622391387174158e-01
-5.940408644147254780e-01
-5.945756857043567045e-01
-9.229347372635496871e-01
-5.358864999962009712e-02
1.516266708216179593e+00
4.633039980144479930e-01
-3.375917906374461541e-01
-4.751508993755819699e-01
4.457079096798490792e-01
9.157877485646381821e-01
-4.287907496113263495e-01
9.104132117177152761e-01
-6.492039918258829534e-01
-1.206682245909067586e-01
-8.122759921378870374e-01
-1.809279413958169158e-01
4.081025222331138291e-01
-4.396792554448318846e-01
9.561437359197282326e-01
-2.187876597387474753e-01
5.863465145456991934e-03
-1.737547768587885955e-01
-1.640785828919668177e+00
-8.624015816749532881e-01
-6.104439584914302941e-01
-5.822115730933541400e-02
6.554299030591357322e-01
-3.683402897443828206e-01
-8.887894821041821825e-01
3.062341486646087407e-01
3.542308008740775449e-01
-9.714175006541025947e-01
-6.365324110303893779e-01
5.402887211281262037e-01
-2.588839783693017704e-01
1.615844120530138817e-01
-1.265332272023423077e-01
-6.931607247498519087e-01
2.055751731720234510e-01
2.548667577809471396e-03
5.843345717005514750e-01
5.075975813454058905e-01
1.411506158047628468e-01
-3.881172156742671575e-01
-7.323740542356642624e-01
5.596796362905358535e-01
-8.563836439625229779e-01
-3.461626516589104696e-01
3.294557225124444266e-01
-3.525679179686744824e-01
4.611879126826299302e-01
6.323529638464386871e-02
-7.202060065078119688e-01
1.647961198270118111e-01
1.301897023012898780e+00
-4.990210316477310393e-01
-1.797917000223680173e+00
6.648344077978489697e-01
-5.596743574628304518e-01
-2.051728672509027795e-01
5.029331144373461182e-01
-4.565653968650120742e-01
1.077030356786328191e-01
9.227663304814572864e-01
-1.044358803100953192e-01
-1.036403829313509606e+00
5.163459131291175952e-02
2.660218367734261680e-01
4.043768700032102092e-01
8.850294623046814912e-01
3.519609914987134047e-01
-6.976118782778557570e-01
-1.414032999736952512e+00
4.040657097080753157e-01
5.721072181660868949e-02
-8.592061135659336824e-01
-1.667140783594540654e-01
4.693085395281280103e-01
8.939550879013218321e-01
-1.813022398341981312e-01
5.824516253275440203e-01
8.014353077512565982e-01
1.425569882246595643e-01
-5.417381962058016587e-01
4.753739226623243663e-01
-8.426969665907260154e-01
-5.983210288078848471e-01
7.731794905895319481e-01
9.448777209276024713e-01
-2.376436781198751902e-01
3.764757667736000624e-01
9.255325963359013475e-01
5.150255556333009910e-01
-2.619116507323737686e-02
4.714621652410260211e-01
3.317745620312119725e-01
-6.449172135016665308e-01
6.860254269134429261e-01
6.093284639844558370e-01
4.243665427860683348e-01
6.742145228185094652e-01
3.779295053617981459e-02
1.470258592504372075e-01
4.341998918868901214e-01
1.203231915284785902e-01
8.411081142745977512e-01
-1.870252692751932511e-01
-6.176105657329600263e-02
1.225508438335600747e-01
5.885450740008584258e-01
