-9.030198215413728358e-01
-5.875313184889519036e-01
-9.558041424267826880e-02
-8.678926804527029581e-01
-2.452018549657970503e-01
4.201644162125539594e-03
-4.611930080883954730e-01
1.061490564209310872e+00
5.118233552546155307e-01
6.180683939013067452e-01
-2.934130284160825219e-01
-4.982572908568378423e-01
5.593171805027614685e-01
7.140588407569850027e-01
-6.563950128382478599e-01
-8.421937477189682664e-01
2.500858849601281797e-01
-3.862956965968118439e-01
-7.907002978638000279e-01
8.100323188689222409e-01
-7.991035208244661181e-01
-7.581294603201322868e-01
1.288691069127373412e-01
-5.333871291599816544e-01
-9.556421049718144545e-01
6.336638756776991066e-02
4.467029484760307589e-01
8.864530234235088457e-01
-3.146970493502330157e-01
-3.591022622751814386e-01
-6.384438674888048837e-02
-8.106751031110401851e-01
-3.444328630000048630e-02
-9.780976983428875116e-01
-1.144907549725764806e+00
6.783033888956846447e-01
-5.644616143255183349e-01
6.717047669763696049e-01
-1.424704629413982904e+00
9.329351118384481278e-01
3.337276339896282362e-01
-2.506203995971532539e+00
-8.972361959217847183e-01
8.136362014393496711e-01
-8.700266595124899194e-01
-6.448757179685820073e-01
-9.457871162181008540e-01
1.856201687356282548e-01
9.106773420618967663e-01
-7.371412256588851797e-01
-7.915651558101832741e-02
-5.147301464022440154e-01
4.295334409667044273e-01
-2.339665624757429896e+00
-8.935282913694675422e-02
-9.109252801693011881e-01
2.313513346435147611e-03
8.064959109495895007e-03
-5.622032155524878672e-01
1.170979844320294561e-01
9.093707091205252002e-01
-1.480313491819429395e-01
-6.078249926841294837e-02
8.868158019091216815e-01
5.982463977022489665e-01
1.986625011261382578e-01
6.804497239557316668e-01
-6.612861925149793318e-01
1.233866920632841424e+00
-5.472139200686334526e-01
7.893553862375590757e-01
6.026209545469467521e-01
-9.436633888424729166e-01
7.651155935186040313e-01
-8.881416226468157316e-01
1.392875314081843285e+00
-6.778412624151459731e-01
5.817898064983715312e-01
-9.825026226080701974e-01
9.151929935963705187e-01
-1.537341811946088821e-01
-4.258997013345515725e-01
9.492592901655581006e-01
6.921411298419433145e-01
-1.866925384026845158e-01
1.726784413749204994e-01
-9.262812892796143949e-01
3.375897187259266907e-01
-5.092677280230859527e-01
-3.665537679463763965e-01
8.313552865006805792e-01
-4.247881811571199151e-01
6.552756267651649313e-01
3.776869829904075382e-02
1.808786982914029062e-01
9.808534519369096483e-01
6.370697326643699476e-01
-1.154753303912517737e+00
-5.084836948623552288e-01
7.810805418390149857e-01
-4.303325454506199410e-01
-6.786516491933269890e-02
-3.529496228436306282e-01
-1.459357637204328206e-01
-1.609508377963965620e+00
-6.387930128610264102e-01
3.142178961985777619e-01
-9.168764598041199143e-01
7.178048338512394988e-01
4.676885111467068423e-01
-7.887861989827282816e-01
-1.721261318020630871e+00
-1.334230081575795701e-01
3.977346788763942431e-01
-8.069820979087345414e-01
-5.188087219133512562e-01
-9.501383292832048522e-01
5.752705646111302418e-01
-1.745538573333736299e+00
-3.540266283058610686e-01
8.418213655800446116e-01
3.025363333401867028e-01
6.641734562674608267e-01
2.464982501624528588e-01
6.222701194209623310e-01
-4.308392559409626177e-01
-6.676160144418263886e-01
-7.405581332680322149e-03
9.913184618840573670e-01
5.475743154437757720e-01
1.522559332737567495e+00
6.475978616494255657e-01
4.288615069415002701e-01
-4.454943486063760449e-01
-1.929590818516353057e+00
-6.450340160238186016e-01
-8.571615616783723191e-02
-4.077821720767302871e-01
6.471647356246961191e-01
-4.523706364416479886e-02
8.777378704476597182e-01
7.179634350830459422e-01
8.384039581061317747e-01
-9.682266185874248698e-01
-9.409961797632329095e-01
2.189700031832034099e+00
2.330387657537580370e-02
-1.984388833052792567e-01
1.800106740301614661e-01
5.442409121111938530e-01
6.621535098670114916e-01
1.442626565247455694e-01
1.439940894737348209e-01
-3.101743059851955753e-01
5.938642919655505725e-01
-6.496633132354301399e-02
-8.126387261276506457e-01
4.774039618995296053e-01
-3.706498602717609447e-01
8.197831857768498320e-01
4.620558073441238811e-02
-8.352261809708190210e-01
2.873657282410044811e-01
2.930784540391346837e-01
3.091689087555615778e-01
-7.468544474477620820e-01
1.687988043601080790e-01
9.959128504804872772e-01
6.267811512836245491e-01
4.472789637693794784e-01
5.656227166047744781e-01
8.249659558926749625e-01
9.274663083226473148e-01
-4.515100491173968944e-01
-3.305782220326278775e-01
-7.064145499300111819e-01
7.144561951443897385e-01
-3.760836886534799639e-01
-6.442021412345650955e-01
3.900230440983334379e-01
3.450023853049204448e-01
-9.391651250855743704e-01
-4.519099072692085439e-01
-2.798034212841021606e+00
-1.805702349508342408e-02
-5.176771434074092237e-01
-2.038489258155653516e+00
-7.230140283413410973e-01
2.611043420649620250e-01
8.907976826527801428e-01
-1.603246134589284555e-01
-2.846165899331953852e-01
4.268606694134644552e-01
6.719870603904996020e-01
-9.771418169714924939e-01
-3.877571476288494967e-01
-8.104652156555716136e-01
-5.778242255629282287e-01
3.058838966227428458e-01
1.539448304409265500e-01
4.040201816769786181e-01
-1.672295746821408358e-01
4.708504077641415542e-01
5.676231890813938641e-01
8.838288586766118726e-01
3.454278577970246733e-01
4.437778855359602037e-01
1.236437044206585290e+00
-2.343828406887684679e-01
8.317441105652967348e-01
-1.152800976175174519e-01
-5.707088850576380601e-01
-9.717862980203917367e-01
1.878293164749602617e-01
-2.275954950701033486e-01
-8.666616607468000666e-01
-5.931072664291656693e-01
4.183562354071657108e-01
7.227542448606929515e-01
-2.746875302000857388e-01
7.178905474382835106e-01
-3.020557953800229178e-01
1.723376296493135396e-01
-3.183052930246095258e-01
-2.897385173571354056e-01
-2.364222434691587438e-03
-2.789255113732725944e-01
2.238249667549467858e-01
8.703365456667055966e-02
2.863131300721926120e-01
-4.197849649856300047e-01
1.037198581446697965e+00
-6.019094648801763814e-01
-3.972768537081154960e-01
2.433379577249659587e+00
-8.563908534873725387e-01
6.981137491617412927e-01
3.968045907651627235e-01
8.116131301911355678e-03
2.707649238937298364e+00
4.285435546279716679e-01
7.269219905220674072e-01
7.514726647061614750e-01
9.207835458035864562e-01
-1.832299288398284709e+00
2.697622391242477935e-01
-1.018996138822223951e+00
-4.820912811313878832e-01
-1.058424162479698616e-02
5.633190527144740223e-01
-1.402440985078252655e-01
-8.756900362825610351e-01
9.206708207311633529e-01
1.937330936845269358e+00
1.606551870390819925e+00
-1.804726708554176273e-01
-2.868232905302248170e-03
-2.491243327844647748e-01
-2.490305144859262798e-01
-9.604972603081158855e-01
-4.187087289065447582e-01
8.257992613369675716e-01
7.415456227320833538e-01
5.913160142723430379e-01
4.969482571983678820e-01
