3.186935536460477891e-02
-7.242057051501036291e-01
-7.898197119312171388e-01
-3.533034771585665812e-01
8.626979949217505883e-01
-2.331614552902872006e-03
7.016815448773268127e-01
4.223537183111303328e-02
6.422163438390458001e-01
2.525324416052112664e-01
-2.894293190388737003e-01
-2.207100891278146459e-01
9.411546489346875877e-01
4.589774409500388952e-01
-3.518728466778595632e-01
1.928663492604343332e-01
3.821329131216437691e-01
6.793665459687454611e-01
5.468032211594315850e-01
-1.445180309752114312e+00
-5.249653483051446301e-01
-4.549804112122459721e-01
-6.003015927294319543e-01
-3.166373281968355435e-01
-8.489712568353413591e-01
4.040222462975764373e-01
3.738415160808283844e-01
4.558782763409903183e-01
1.196529498190934016e+00
-5.036683751727650815e-01
4.026999178386763134e-01
8.394820471715114252e-02
-1.931186628686070161e-01
-5.729224041702940529e-01
5.514660776497373185e-01
-4.397932365193686355e-01
-1.078271437722473358e+00
7.893908990074596232e-01
6.667993183934308732e-01
-4.447740721825297339e-01
-5.621267610524594005e-01
-4.602956868842527083e-01
8.255353494755079957e-02
4.231014966151542822e-01
-7.154221800495010886e-01
-5.545692817248524253e-01
2.945702634571167877e-03
1.712517543507169338e+00
6.883218977768215119e-01
4.843866547481565643e-01
-9.747860489902924197e-01
-3.111975983891717146e-01
-3.116094368665756065e-02
-2.014667400666745323e-01
2.640435823634257329e-01
-7.135661657159488858e-01
-9.680438039047278842e-02
4.197662111279478747e-01
-7.773094695776694429e-01
-6.770632817798911685e-01
-3.369931384373336947e-02
-1.845953371094282147e+00
7.386957314095503602e-01
8.892142357078895998e-01
-3.544984237900643542e-01
-5.526214341717030631e-01
4.859606504343765288e-01
-9.363515786101543892e-01
-5.080474616181482883e-01
3.447682115868520025e-01
-7.496656116225810518e-01
2.299868577303709749e-01
-2.109615366943720094e-01
-2.392246168574319043e-02
-4.741666726580717750e-03
7.254719527260109491e-01
-8.978748525222783883e-01
1.215706861955176077e+00
-9.595613536455083192e-02
-4.689259537226388996e-01
-7.467715946485811163e-01
1.412119179824952164e-01
-1.964393376088539256e+00
5.170524684611654820e-03
7.288073472977769640e-01
-8.017772417397139861e-02
-3.584476934056572972e-01
-7.044576506753297274e-02
5.846294690808857553e-01
-7.720959461480425556e-01
-2.060305556342498789e-01
3.245785743489684183e-01
-6.783659506758450419e-01
-2.968078300847698525e-01
-3.134688184143583634e-01
-7.861590649078920023e-02
-6.931049938471434135e-01
8.414894194130035920e-01
8.328973042457654685e-02
-7.274136326367153238e-02
3.855872865087472956e-01
7.103620692514616142e-01
3.196035762141575809e-01
1.209611196240005793e-01
-6.440983889394380491e-01
-1.084330582695325340e-02
-2.121411541875295459e-01
6.742919422735698110e-01
-9.389218162534997969e-01
-8.698105775747519974e-01
-4.602420032474150435e-01
-5.461086977540252629e-01
-9.714781379513510728e-01
-3.781405207313228711e-01
-2.395252583205564889e-02
1.666963319056931070e-01
9.063561009133824786e-01
8.501175256924931034e-01
2.639820880768797284e-01
-6.638846256584431949e-01
7.364241058178884192e-01
8.757114349499859340e-01
-4.634394365668881299e-02
3.681018883538689224e-01
-1.058415228729625568e-01
-3.035194996005297075e-01
2.838731494468123007e-01
-9.180385087203513095e-02
-8.719335078707768361e-02
-7.586248424867614304e-01
-8.116846750443671432e-01
-5.808557984022104659e-01
7.738630593228330579e-01
-6.630149443725652514e-01
-6.318920591933905317e-01
1.178874600731869560e-01
4.305574006911006002e-02
-8.938541906322203801e-01
-5.016074027634052079e-01
8.200505432395056582e-01
-9.881994663117481537e-01
-6.871756698271310748e-01
6.112216585947467529e-01
5.306127783296654687e-01
3.195316725996107943e-01
1.875823206786964015e-01
-2.219493222860162707e-01
8.833734735336262744e-02
9.459550059102821429e-01
-4.168090753579318797e-01
1.435662546471008216e-01
6.662904356069645484e-01
6.645817033751655334e-01
-6.200137798481712981e-01
8.400381938133703041e-01
4.472707890074862913e-01
-4.355307680057421971e-01
1.346724842570576897e-01
-7.183605340592367217e-01
6.693769001521012729e-01
9.401116745804971586e-02
3.851002813096104926e-01
-3.929561226931195250e-01
6.587134841163200250e-02
-6.879435931588882003e-01
-4.741568609832924608e-01
8.926918850787046722e-01
6.292255018173908976e-01
1.671408291817855218e-01
8.136810523105886261e-03
-9.877396225205203883e-02
-8.318097304071605524e-01
5.157593814333392146e-01
6.939364143986701539e-01
-1.936642561220501824e-01
-2.609262871599720146e-01
7.347532865328965102e-01
-9.982068244881199259e-01
7.490382918599269857e-02
-3.499554424121766871e-01
-7.947465124324029073e-01
-6.212853828232290931e-01
-1.172903709462725930e+00
-3.687683254236626684e-01
-6.488885105355592930e-01
-7.798484916780434872e-01
-2.676010535713495564e-01
-2.259887065396466443e-01
-3.625788775910114836e-01
2.378453221085698566e+00
-8.634748575832458251e-01
7.538674510237199922e-01
3.850065580217856276e-01
-3.555007458186727476e-01
-4.535068366701204834e-01
-8.493325667153357461e-01
-4.138946785103958526e-01
-9.350453152027182746e-01
-4.780273421050762472e-02
5.450894509522472564e-01
-6.884334309939412755e-01
5.138699185884927356e-01
-9.790358518837203317e-01
-1.536633383652055151e-01
2.005412625182937392e-01
2.761410240172981201e-01
4.617312519297780415e-01
-6.086835294198089663e-02
-6.107662719050601652e-01
-4.005396901966979950e-01
-5.698602554136520393e-01
9.882757619114129755e-01
8.065978027866096411e-01
3.009355425031201570e-02
5.442735022491269614e-01
-1.697527259225128926e-01
5.943921170709145496e-01
-4.304446717830829883e-01
-1.806774715663426178e-01
3.029256850232897591e-01
4.902670295192541605e-01
-8.893160342596948542e-01
-7.786623671721031315e-01
9.502872636518444605e-01
1.375784889244142661e-01
5.280843380843252000e-01
-7.613835723672390809e-01
3.490292713310849670e-01
5.386518292545421360e-01
5.610970745233423429e-01
7.594293694442000309e-02
-2.485371986536564215e-01
5.429839556719520122e-01
-3.584994961137710767e-01
-9.367734928574809050e-01
8.730321565465049005e-01
3.784402168869536176e-01
6.354394366990723242e-01
-7.277782279717188718e-01
1.252153738059715860e-01
-6.246611281656087034e-01
1.286527496024572059e-01
-8.347215076676006706e-01
-7.787183299500204381e-01
-5.904087690238641883e-01
-1.837681600794094372e-02
-6.543303442047536667e-01
9.058337105759661778e-01
1.461446047696124406e-01
2.938447524984213466e-01
-2.408018264017590671e-01
-7.477440633845318096e-01
-6.041147772719126507e-01
7.360865256667965539e-01
-5.043372261669420986e-01
-5.557305007737634028e-02
5.801329949562321620e-01
8.028025625586074909e-01
-6.022221932741158579e-01
7.584048642570340171e-01
-6.183269158166826429e-01
-6.653937790016304366e-01
-7.890578083364665485e-01
-1.750605514100314064e-01
1.345670640376772642e-01
