-7.385221061288684830e-01
4.036640755490272792e-01
3.179610002425898863e-01
6.845260684587888278e-01
5.620824718898929095e-01
1.215505128594303486e+00
6.685165964566748276e-01
7.253059692664568514e-01
5.978442352585777719e-01
3.085745586894701464e-01
-1.157369083974510549e+00
-1.617314616204328370e-01
-5.896779862928442917e-01
4.408041290009201418e-02
-1.836485888450748449e+00
-8.695241491307461601e-01
-3.239066514065076507e-01
1.279753594526567007e-02
5.343278019988531025e-01
-5.746963457836258282e-01
-2.782017947513910627e-01
7.818959944633732118e-01
-1.835055094156559097e-01
-5.573724084064430873e-01
7.253140146977721248e-01
-5.058546889721067252e-01
-9.813341038361838020e-01
-2.957267176628463723e+00
-7.308938822890005405e-01
2.154584311075529168e-01
1.195894012842360743e+00
7.720272471028295502e-01
1.631339919150887052e-01
7.999362471778199701e-01
-8.323913511828135992e-01
-7.870253789316710158e-01
5.628834187772469022e-02
2.981689640296685262e-01
-1.353782306984662176e+00
3.801400959933651791e-01
2.889932101916055096e-01
-1.541230964276757431e+00
-2.518694006363301208e-01
6.417441076173932002e-01
-3.310170104222306398e-01
-4.216527847600474166e-01
-9.718488961223828992e-01
1.777806724118161430e+00
-1.627945425104460053e-01
7.232849033683308448e-01
9.599803186923391296e-01
-1.726154566137584778e+00
-5.336659744372018732e-01
2.072514931325111220e-01
-1.631718574242955189e-01
5.496457715101858987e-01
-1.467348547050577601e-01
-4.128175414174530822e-01
-3.151535202604176522e-01
-5.775524237432123620e-01
8.514005817154830513e-01
-6.022997756827077609e-01
7.864587810456817873e-01
4.972316859151661439e-01
2.190758240814145275e+00
-1.428084393568995747e+00
1.464460280103238699e+00
3.567660912003667306e-01
-3.260073851228866282e-01
6.329935935289692228e-01
-5.511277997776260484e-01
1.295717490131940597e+00
8.931577079416985754e-02
-9.874278821403419393e-01
-1.653445313459598331e-01
1.696062880942924567e+00
2.051790154894367113e+00
-4.418987481689691244e-01
-6.584092208611240782e-01
-7.444306278633738838e-01
-3.878189692363498420e-01
-1.013626270025099974e+00
-1.099812859555960198e+00
5.217949539154065342e-01
1.737363450092006545e+00
3.143605799340341012e-01
-1.813431053810840465e+00
-6.965577272089176208e-01
-4.253836540692034207e-01
-7.724382400371946344e-01
-1.202195657270127782e+00
1.387004103192028825e+00
4.908719067130776770e-01
1.283043452539978979e+00
-1.355695967937720514e+00
1.965759523762745431e+00
-2.353115138730761391e-01
9.405924789364554783e-01
4.172454528659613193e-01
3.101922342894967155e-01
-1.744415889114026008e-01
4.252909357666112555e-02
-8.201578588729059316e-01
1.120508825105306361e-01
-1.503943972615043423e+00
-3.630135760989365856e+00
-5.020032050135945223e-01
-6.129096831655256317e-01
-1.621772841816173649e+00
8.668975776743170769e-02
1.647318797880028773e+00
-8.742210049493306379e-01
-1.929488218115699150e-01
-2.330086983153276670e-01
2.207438720394199194e-01
1.569183700368060208e+00
2.113265787172713406e-01
-1.089831660893872067e+00
2.686756672156795922e-01
-1.790253374150336807e-01
-7.308554881484476962e-01
1.013671135489432329e-01
-6.615930305864183847e-01
-1.072215950094751680e+00
3.941177885489718591e+00
9.249627106778666175e-01
-4.489686529589633768e-01
4.002963199575373388e-01
2.056067084801586731e+00
1.927631129910111207e-01
8.213298032660498738e-01
-7.645454506378188686e-01
6.970174076877733160e-01
-6.649959313170052955e-01
-9.354885545565514438e-01
-6.473439312909146093e-01
-3.202461222992061263e-01
3.811688305169547153e-01
-8.142538941347916837e-02
-5.490669434295425422e-01
2.019502778118107411e+00
-2.304450422154511458e-01
5.792910506380830604e-01
9.772341846164211976e-01
9.783554669927148062e-01
-7.543408506800298730e-01
3.599611599851952892e-01
5.591350710938636226e-03
-6.248406125486607454e-01
8.961017550617030869e-01
1.784882096278418206e+00
6.579481167608820513e-01
-1.022396201306627894e+00
1.231299667157033095e-01
4.465009065329060278e-01
9.425310385693388415e-01
-6.983497462442351811e-01
9.974573626054423769e-01
8.356889486114176258e-01
-4.832679170968616766e-01
6.105831429983227254e-01
5.964746945335812622e-01
5.470716441671916730e-01
-9.005984850511430384e-01
5.024031145623288896e-01
-9.575443002994981079e-01
-7.398388544602361172e-01
8.684975145443161182e-01
9.822359308147121659e-01
8.726564662473701439e-02
-3.739623171611223817e-01
2.693317735055884565e-01
-6.014057228081137740e-02
1.643697256585845867e+00
-8.666130139070052918e-01
1.127982175398781539e+00
-2.562850913810432729e-01
-8.904242828245239050e-01
-9.453373641065931920e-01
-5.052684299164231785e-01
-6.173514490857699988e-01
9.710860725822474393e-01
-1.771681623284302232e+00
1.314691586632532605e-01
6.300813347089404548e-01
4.248810420953986755e-01
-8.601831970377422643e-01
-7.660361543960032549e-01
-2.518115036429892761e+00
5.065455781221539500e-01
-3.775291388884343124e-01
-6.185233128954901183e-01
6.193093427176628030e-01
1.194232941354083088e-01
-7.304893962989784661e-01
3.619772210316547500e-01
3.722852205339727938e+00
-2.176610738260407185e-01
8.486091490730660603e-01
-6.626115250744308849e-01
-9.329435958617322555e-01
2.217060224155047721e-01
8.650229768854564849e-01
-5.486947312256931220e-01
8.121774487438198076e-01
-3.241979908903025454e-02
-1.562212165887565174e+00
3.386907569877921631e-01
3.249472004526609004e-01
2.993247991058418656e-01
3.669230786468233863e-01
-7.715688680097259056e-01
8.920606508158395176e-01
-5.977664425743771659e-01
3.435266925887214384e+00
-3.596842087063844229e+00
-6.186822289372360117e-01
-1.977789518719078377e+00
-7.054260389087649852e-01
-1.198385439188334178e+00
4.999585437292786150e-01
4.327693892388169150e-01
1.230866940488951400e+00
-3.925964488051867374e-01
-1.060174335661052680e-01
-1.719711658387428344e+00
4.254998236615283869e-01
-9.562310228868942108e-01
-1.323439003585868301e+00
5.197860772189326628e-01
-8.306020307631680755e-01
-5.455580697594804018e-01
8.770287643712155745e-01
7.217200488019648308e-01
-2.298823486556973439e-01
7.871182846274527023e-03
4.349790373095585583e-01
-1.089627525273432651e+00
1.923473088441885359e+00
-1.900278646639795010e-01
4.457236005300980741e-01
3.535996218265858859e-01
1.101523167501953449e+00
4.300929427963701146e-01
1.196302529285941940e-01
7.552925965278114440e-01
-1.329378576153712466e-01
1.328666261881316979e+00
3.785414643875035789e-01
-9.894908411043308316e-01
-6.498309314709387330e-01
8.631846353612959710e-01
-2.986186629097059564e-01
8.147853953032376806e-01
9.067236024055322918e-01
8.658102379388576963e-01
-1.835096224514576990e+00
1.573780753485642947e-02
2.335236178597609458e-01
1.792680966321877900e-01
1.689791691368325299e-02
-2.587076868557967035e-01
7.006923201448278515e-01
4.504268840062941592e-02
2.938090774525547566e+00
