4.619373027769626550e-01
2.580356332263076258e-01
-4.606060376369369713e-01
-3.394619225091954906e-01
3.159123346719745484e-01
7.100188971530325688e-01
5.955085392198000704e-02
-4.643919637129765299e-01
8.370796765813171003e-01
9.807296444781250511e-01
3.278279734972600057e-01
-8.796535175900861425e-01
1.259473319719071061e-01
8.284920608809986931e-02
-3.333123880622925750e-01
3.584924743365716093e-01
-1.980803797926991017e-01
7.155944647569332240e-01
-3.369994537923511890e-01
3.145463458188277883e-01
9.829358231266394075e-01
9.155555133624233566e-01
7.005157353606348281e-01
-9.922468525502754488e-01
4.897804428156575796e-01
-3.050376982226077338e-02
-4.304569812372221471e-01
-4.995751085817858872e-01
-5.277324627224335707e-01
-9.167881542257327876e-01
-3.149838117208059174e-02
-4.414206254387005313e-01
-1.651017131873191435e-01
7.647278361326761420e-01
-2.361122791709271418e-01
5.002317162733094236e-01
-6.870761278275305806e-02
-2.099948813676055792e-01
1.957726882953543246e-01
8.947422075798718843e-01
9.029323606559902515e-02
4.635905872563772512e-01
-4.311852755852592090e-01
1.971116043560577347e-01
8.313930395711766064e-01
-5.631102563493382007e-01
2.596356737063203468e-01
8.992395161323307740e-02
7.898105208538486188e-02
9.770375360119776253e-02
-3.696720625231380009e-01
-7.615078815100115861e-01
-6.287502683455288288e-01
-7.189465085912367659e-01
3.514756503386831099e-01
-1.206468504955133803e-01
-2.687287069458604627e+00
9.411378561566423606e-01
2.277075132318850947e-02
9.563260809007554375e-01
3.662284497869929822e-01
9.339361365531628767e-01
-7.450239024704250479e-01
7.311849095685956090e-01
-7.686351274801856981e-01
2.780676205703258574e-01
9.736602343265461368e-01
-9.037440398563392208e-01
-2.554101531066419462e-01
-1.094577256462418990e-01
7.435237130595546695e-01
3.213643782023933859e-02
7.120061348827966263e-02
-9.676191043373076894e-01
-9.334425017227998556e-01
-8.865974080742056174e-01
-8.409050327742724207e-01
8.879708752373736136e-01
-1.887704944844007526e-01
-3.362318449882555349e-01
-9.110044485708541639e-01
1.093289778721839856e-01
-7.205905315533400746e-01
-6.718531851844100622e-02
7.700595529927012350e-02
-6.216901251384410187e-03
-5.959365016606379406e-01
5.499215847446030647e-01
9.744798449361933290e-01
-7.743322154585503547e-01
-3.430736447238349474e-01
-1.136022273870347377e-01
5.188570765472846347e-01
5.271210011276488139e-01
-4.006183063630854857e-01
-5.708139549703690196e-01
-9.931945035629159424e-01
9.141605782985895434e-01
-9.423127099380477212e-01
-1.218431779890427613e-01
9.616224794023842115e-01
-9.822478009444324254e-01
-4.173500538887633393e-01
6.681603959469237797e-01
-4.350440544668987553e-01
3.421690114269597682e-01
-7.872740445221428907e-01
-6.694662633416292863e-01
7.678706077982544453e-01
4.287609703350245827e-01
-6.339516004021295004e-01
9.922670805174824693e-01
5.633912113502623775e-01
-1.481279988215302712e-01
4.683316996400403998e-01
5.892333231120914228e-01
-1.360702988574380434e-01
4.894700781286158708e-01
-8.768899568955790258e-01
-7.825591735768058221e-01
-6.872852282601349394e-02
-3.385560532359668251e-01
5.931806674501300947e-01
8.379701734731341833e-01
-2.349715889562442594e-01
8.972647326266813828e-02
4.126212557935877712e-01
-5.123407975198615016e-01
2.200556409971197169e-01
4.473270074428974397e-01
2.507385022662484975e-01
-1.995717353045478593e-01
-4.364635716085605299e-01
5.103976066331881167e-01
-9.263879209253889080e-02
-8.347032485419145775e-01
-6.471562037639881915e-01
6.246452945306093518e-01
6.159856713316385068e-01
6.756211200303745557e-01
-3.993400665509785341e-01
-8.759600102371896124e-01
7.949805765564050830e-01
-5.928664332059554454e-01
-5.327055027807392484e-02
-2.104782474175872498e-01
-5.661018783012525812e-01
-7.912820940867593134e-01
-5.190238160697056014e-01
8.514996202106908108e-01
2.521010001909318454e-01
-6.307851094406864423e-01
-9.152431918338332917e-01
-1.327093505351724101e-01
2.381470858684264780e-01
-8.484456589591513609e-01
-9.655683916342088224e-01
2.400415627152896469e-02
6.695167206517396163e-01
-3.584742942317027392e-01
5.176603919304734180e-01
-8.834405679030250536e-01
7.923197172394693677e-01
-9.569728464186031403e-01
1.164192693299731740e+00
-8.836204554107018883e-01
3.918117378989578459e-01
-5.410820404659899552e-01
-4.517280475615825797e-01
5.525004448754138320e-01
-1.545344667618013812e-01
8.362402965568795921e-01
6.251052372662169176e-01
-6.251756657540270545e-01
2.984737618998580810e-01
8.778445161037828903e-02
-6.036960662464796457e-01
-6.669387524865351136e-01
-4.972094469561150198e-02
-4.576856165019096423e-01
9.289606335659672531e-01
-3.119832038302217114e-02
-5.281470420402418764e-01
8.549298067164770032e-01
6.913024106251012268e-01
-2.726170397088576447e-01
1.104214906080827063e-01
-5.551690861587343928e-01
1.057656594944278439e-01
-4.031134979878741031e-01
-9.063300442563839709e-01
1.089689938541735792e-01
-6.107688003003832744e-01
-8.555893217891148428e-01
-2.171998473646088890e+00
1.456214173911183352e-01
8.451058717671244835e-02
2.951356901847446146e-01
-9.399063451763853827e-01
-7.957156803134386447e-01
6.879412083174789583e-01
-5.757489218601146153e-01
-5.103002690918774231e-01
-3.864908992640188057e-01
-6.329601411099823327e-01
-6.789121519788121617e-01
6.817574340972472058e-01
9.519050539260318633e-01
-4.561157110263975856e-01
-4.455207811835522058e-01
-1.472160602125869300e+00
1.817961776366772142e-02
5.149619667384026656e-01
-5.756063748476931696e-01
-5.657188579743732681e-02
4.678974816315650820e-01
3.422931741662182947e-01
2.275985466942309632e-01
4.571217498954593950e-01
8.355001604092970879e-02
-1.593979065706963016e-01
-7.622398017096609912e-01
-3.957421348412983875e-01
-6.197065035427691271e-01
7.865513956444172283e-01
2.250760557548652230e-01
4.655483002186806551e-01
-1.918737636194611795e-01
-6.763605252221192021e-01
6.513492186773714998e-01
-5.639774682391338612e-01
-1.840907443603785332e-01
3.281266074121806930e-01
1.636210777501616143e+00
1.571199612103331145e+00
-6.772416082215955146e-01
1.032459702649068944e-02
-7.235034872931849215e-01
5.215092861199428498e-01
4.899738989873836381e-02
-4.627764069872085662e-01
-6.534283191843357486e-01
6.193513650793838199e-01
1.374459339541312386e-01
-2.831127354539542118e-01
2.447322810367491552e-02
-9.853593243236467014e-01
-6.850945241680019837e-01
-2.511666538012706784e-01
2.070415176185937067e+00
4.985069345492709747e-01
3.795669195964537224e-01
-2.406302262090976640e+00
1.715591321810472580e+00
-8.842381380316211015e-02
2.308819057812816489e-01
-5.791233507470676667e-01
2.493303572093112930e-01
6.082617552204028222e-02
-1.750538197882567371e-01
1.429277817183205457e-02
-8.050525351594339796e-01
9.598641112823464994e-01
9.015435464644165897e-01
-2.077339648158342822e-01
