-2.536370887722246836e-01
1.587188217936221779e-01
-3.226108843483953548e-01
-3.336057034801984678e-01
1.329652444266835154e+00
7.194403036075316393e-01
-5.695142836563515942e-02
1.691081296279972890e-01
-6.678600070559952417e-01
-1.685859339333377616e-01
-4.063638723553569809e-01
-2.034279866335135800e-01
9.128354451366302857e-01
-4.032718772451979738e-01
-5.134146648605866226e-01
1.044841394449570249e+00
-1.584766977300538171e+00
9.403979476493216083e-01
-7.934742639811718234e-01
7.613786372101358779e-01
-8.209368004041017741e-01
-1.060146945502512761e+00
-7.768325127213105974e-01
-8.154730764955953060e-01
1.569207123326221698e-02
4.522300553745561835e-01
2.527577010064108176e-01
-2.646270525751189595e+00
6.214260716521291528e-02
7.163562178859281815e-01
-9.775494398568699284e-01
3.549260810348338069e-01
3.231971675050465898e+00
-1.351478326366792437e+00
7.294374370238370098e-01
-8.794381954508201371e-01
3.222760710506313020e-02
-8.989580833129870996e-01
-3.561197747457418572e-01
-2.095575164454233530e+00
6.316915363989294985e-01
-9.814496156308250008e-01
1.792970333775812719e+00
-9.007870187459705580e-01
-1.131931965715903488e+00
3.831995532240393132e-01
-1.236709628201775768e+00
9.800393997163678872e-01
-3.406779007004117066e-01
-4.471183596996805565e-01
-1.572504244909371796e-01
-1.769973145074370535e-01
5.042701327046872350e-03
7.038861348800049544e-01
-3.916196320153513266e-01
-6.988148132546112556e-02
4.708345191777791316e-01
-3.298547280111141511e-01
-1.090180206003776853e-02
9.231951782736694812e-01
-4.395057271849858616e+00
3.847311941876314645e-01
-2.919415875441057073e-01
-5.285465992840053806e-01
2.260159138069405271e-01
6.144908184514588090e-01
-7.507450226067922117e-01
-5.813102447021085695e-01
-5.271571292935151032e-01
-8.057356119280894013e-01
7.821727119812851292e-01
-9.399461158285737916e-02
-4.122669173278903920e-01
-1.182735030267293652e+00
-2.546286069973706656e-01
-8.847792037682269406e-01
-6.074555211357028917e-01
-2.090072442505730432e-02
-3.992987153466094896e-01
1.470862576817623335e+00
-2.379841169505196863e-01
4.465677562754351015e-01
3.349984381631585961e+00
-2.245275390380039315e-01
-2.882126602200345555e-01
7.002829323261134942e-01
5.103676241841736960e-02
2.379875144015979327e-01
-5.461643140631045057e-01
4.761818381217863827e-01
-4.051319990972451768e-01
9.040151860255631888e-01
9.814257069024066027e-01
9.944496973783631955e-01
-1.597650709707032046e+00
6.421161008406890414e-01
-1.030854000812042592e+00
8.917094762230928229e-01
5.359464493643829597e-01
-6.502474250219132390e-01
-5.393056979337955692e-01
-1.569997422911041163e+00
-2.600129186475943488e-01
7.469297250584543413e-01
-5.061210668861850781e-01
4.332064556191408400e-01
-3.589664822107136999e-01
-2.815901291942075613e-01
-7.557103580020205769e-01
-8.241834850461835504e-01
7.917822630284125918e-01
3.467496290002953785e-01
-4.594517053558602182e-01
-8.077322512119151643e-01
-2.248207655215956058e-01
-4.779888757767042362e-02
3.264699547007210434e-01
3.678022723955562956e-01
-1.452813708670636528e+00
9.577430950053600345e-01
5.720121978763772486e-01
3.042855740035882439e-02
-9.585820789293970634e-01
-1.861758507856672296e+00
1.774140066384952696e-01
5.566002915833032638e-01
-5.683753309024908162e-01
8.134124026560815013e-01
-7.741845909857956176e-01
-4.268173524921066164e-01
6.198981175932030130e-01
-6.810349400915038931e-01
-8.285707553152625859e-01
4.711051899839935331e-02
-4.943415947612572747e-01
-3.811917574297256639e-01
-8.911416917166754548e-01
9.127004340762656653e-01
7.599686369730975777e-01
1.287638368460795268e+00
-1.112830295302253969e+00
-8.455841183167311925e-02
-3.681931548044692359e-01
-4.574656137869614891e-01
3.459774428658168866e-02
-5.165385230484440537e-01
-2.180588240939558275e+00
-7.114257952684646114e-01
-3.052395836442383520e-02
2.249058738388182155e-01
-9.536451241850294469e-01
5.893555643848991110e-01
9.480991579930148072e-01
-6.688732981861200688e-01
5.900635922657573307e-01
-9.854648491511475150e-01
2.821376319682485367e-01
-6.366565063278502024e-01
-9.559836443353220137e-01
5.672619037901167616e-01
-4.066759101755383909e-01
2.189796678614552849e+00
7.370870869368406630e-01
1.696016602821671659e-01
-2.267875225700273223e-01
-3.874442954254171401e-01
-9.179780216893633771e-01
8.069333795043451829e-01
5.261971233421913752e-02
4.219154947319352367e-01
-2.531012153391244413e-01
3.135459862478491289e-01
-4.246316204421229923e-01
-6.243707879349776890e-01
-1.582320257658313079e+00
2.216717859464827356e-01
2.241618907621715007e+00
-4.662849516876463873e-01
8.999695511127898673e-01
9.336046462973344173e-01
2.139534611879377657e+00
6.837204318221008492e-01
7.082201793932250133e-01
4.400415307741640802e-01
3.995433631442655287e-01
-2.514685994629572985e-01
1.210954411658160756e+00
-9.079014300100711754e-01
-2.843392488585479438e-01
8.701764291511602245e-01
-4.736962144359138094e-01
-1.635055256342909935e-01
2.095612125008534221e+00
-1.104544778279620720e+00
-5.512739952533078913e-01
-2.748184767742311019e-01
-8.868962883964159882e-01
-9.955551680184766550e-01
1.067742776429974061e+00
-7.786561823621449552e-01
9.507809147939179084e-01
1.889765493250650907e+00
2.903347553004405612e-01
1.291066649060578442e+00
-3.043332167355929929e-01
-3.941768839607969754e-01
-3.944258252667349751e-01
-6.584525958109050947e-01
3.310147916780106225e-01
-2.855947839041428349e-01
-6.062283607311078626e-01
8.793801020674674174e-01
1.911810273182221742e-01
-1.487192614468479945e-02
2.575597223924187551e-01
4.601755513769281158e-01
-8.658798567734602436e-01
7.370008461517578713e-01
-1.759863868679073517e-02
-1.501113978951973404e-03
-8.992959039029397861e-01
-3.184200408836377338e-01
-4.130307638956718375e-01
6.311423356857017719e-01
7.631537245087072208e-01
4.671186997879350766e-01
-1.269684516146493358e+00
1.418935352139947259e-01
7.022324221336572192e-01
2.397164940822504864e-01
1.916240256147927923e+00
-1.512075273184363855e+00
6.700906496023293357e-01
-1.633833357505420913e-02
8.921733113353789157e-01
2.101090183377141152e-02
-1.498258223585000604e+00
1.410161785657034761e+00
-2.033341195048026240e-01
1.637797973114017980e-01
-4.529216240221456413e-01
-2.684526113684886361e-01
5.475090806906788288e-01
4.184427488741584433e-01
1.937939518089307533e+00
-7.964357240615260736e-01
1.682023993274113005e+00
2.808517092740168142e-01
-1.894157732989587783e+00
1.527833774053029003e+00
2.313213377101059898e-01
-7.718548595061180961e-02
1.833099753390459163e-01
-8.559270614315886427e-02
-1.155363322062368248e-01
4.913907735365399265e-01
3.226833428564861439e-01
-8.961607432112739247e-01
9.545967179542391712e-02
7.540858890491088928e-01
5.418433400642765907e-01
4.561571181277180864e-01
-4.440909893493880656e-01
2.316841728934717348e-01
-1.739970356165994325e-01
