-8.263969395236998583e-01
-9.998130223668431071e-01
-7.484184311379642462e-01
-5.184878525131872973e-01
-7.279060490078803625e-01
-4.244564773698413784e-01
2.655634406975027062e-03
1.415094662224152255e-01
-9.277895951783687867e-01
-8.288443568526027150e-01
5.279996482029254423e-01
-7.171577592644122756e-01
-9.551659051765555297e-01
6.891275678048986997e-01
-5.977546773921529333e-01
-1.452524823478380522e-01
-2.808649969781373823e-01
-3.036743179809959781e-01
2.039994826257565119e-01
-7.044393806903022082e-01
9.502583354624158929e-01
5.071501633925610264e-01
1.511581556047092434e-02
-6.696261124407536514e-01
-1.756833433177269477e-01
2.966577574058166800e-01
6.603233968855470870e-02
6.395566789441531341e-01
9.688770401859703174e-01
1.825114671836680635e-02
2.186842165107436564e-01
-8.892217805537794284e-01
-7.458986203372592882e-01
9.426401419947667559e-01
3.401624256442519201e-01
-5.120296065750900016e-01
6.058991924610788171e-01
8.926282510628225086e-01
-7.360876757165126794e-01
7.912532543064494384e-01
-3.409979735551416091e-01
5.473010552790114058e-01
3.309244055946591878e-02
-3.709752355052466921e-01
-6.560903192775386916e-01
-6.859233217034672592e-01
4.776567262615336595e-01
2.259759573522042153e-01
-2.807257655973969257e-01
6.477650090487840906e-01
-8.302858900311356205e-01
7.049424275105449222e-01
1.452610839364407713e-01
9.107272050236809857e-01
-3.165352388019191388e-01
1.884861291703350261e-01
-6.242621378903570051e-01
1.362668585154291900e-01
-5.445535394558471687e-01
-8.360939141673684460e-01
-9.002265465948455780e-01
5.599231254573528993e-01
4.118350297922350745e-01
8.002672711999176958e-01
1.000685416184750043e-01
4.783713519012011695e-02
8.650791142348390750e-01
-2.850824116480077386e-01
-2.279963762628822721e-02
-2.179793685311637308e-01
-5.781242411475522314e-01
-1.180163990288531917e-01
6.252371817830779666e-01
1.015514142466720227e-01
-6.715606060440180158e-01
1.162836598672969401e-01
-3.516895615864497060e-01
-1.472187226311059138e-01
-4.418285510101911395e-01
-3.856400806744906262e-01
9.144288434841145730e-01
-8.954839607403717316e-01
3.123765893210943556e-01
4.739713305811430466e-01
6.011021790918300578e-01
-5.058105379617134911e-01
-4.043381460713904030e-01
-7.872960959433350503e-02
6.450024656370967335e-02
4.348182983518498190e-01
7.918548138283296733e-01
-9.977454370969214281e-01
5.903621319266558753e-01
-7.702188812668158135e-01
-6.512435171039825388e-01
-4.927317221829430327e-01
-6.415481846159736268e-01
7.009368391097998696e-01
-9.343447430449305369e-01
5.922151947156220064e-01
-2.408422013973925413e-01
3.848575954412882805e-01
9.051762297430081539e-01
-3.104451965369030564e-01
-3.501577967400515412e-01
-7.071940339954234656e-01
7.338034919943861034e-01
1.203682008927260405e-01
-7.011489790201297367e-02
-7.204716206655172872e-01
-1.821471528265885542e-01
-7.489069211641945500e-01
-3.070218494827194888e-01
9.363038002227372925e-01
-4.323996101816360849e-01
-4.045562061393122022e-01
6.695490681351621287e-01
8.958609190339439365e-02
3.960391076168086055e-01
-6.191771911358645575e-02
-3.220109837350428883e-01
3.378784485612376098e-01
-9.491701765439686245e-01
1.763733588358655791e-01
8.156342313617304107e-02
-8.616098793520721166e-02
-4.404807630886300451e-01
-5.895657254325648022e-01
8.682219227881704526e-03
9.446435905564194435e-01
-9.442849772474077863e-01
-6.969374051491628030e-02
-7.354601458820664295e-01
7.528279140849236661e-02
9.420624177076333261e-01
-9.368220062544854176e-01
-3.546088455650173721e-01
5.251536702913170984e-01
6.852664472467238088e-01
-8.603852416198412012e-01
8.876837219602413676e-01
-3.552420061111856153e-01
-3.810441335730627710e-01
2.672417379844631569e-01
-6.242459648083893420e-01
-6.685979463670268519e-01
-8.133737193778414198e-01
-3.711183980912948766e-01
1.116596148400883504e-01
-8.870776793042112196e-01
-8.647687363010463368e-01
-1.697860051878825605e-01
-6.570587307518869213e-01
-5.197255771504611932e-01
-5.038563886975677697e-01
9.905547619997734365e-02
7.902822267992777316e-01
8.124465401595726277e-03
4.239068596396511346e-02
5.296098198522383171e-01
7.486160662600187532e-01
1.971594975391475213e-01
-1.828966640451872294e-01
-6.593966751656938907e-01
6.779824212196390310e-01
-9.906834052418780345e-01
-9.960215047535136978e-01
2.044851743629227947e-02
-4.977741578214134321e-01
7.961584350701969015e-01
3.122915209833978523e-01
-6.620665396094127519e-01
4.601999297443049031e-02
-7.603750309710333166e-01
9.779710889173611754e-01
2.496515496314506422e-01
8.801472384223096856e-01
4.476001653832857308e-01
9.891172920703228399e-01
3.062420992671541775e-01
5.831634520652793086e-01
-7.893230035671459088e-01
9.298275698138458445e-01
-9.427718790734060939e-01
7.671641320513329365e-01
-1.606703462387859549e-01
5.724255112787572930e-01
-1.504452179512483223e-01
-8.984731346216934256e-02
4.817287281594477832e-01
1.671989299841374343e-01
-1.951090728763078541e-01
-2.005783720614993104e-01
6.953112136848851321e-01
-9.806551965513974345e-01
-8.846590471652846510e-01
6.713078961083904783e-01
5.895981753691881266e-01
3.443642657213608071e-01
-3.316313582261736226e-01
7.755438316659948317e-01
-7.136506482032918264e-01
3.019458263767935691e-01
-2.069092225977058330e-01
7.237401732314219238e-01
2.356427552890716370e-01
5.340269530006125365e-02
-6.480279220826168363e-02
8.466604927584155948e-01
5.309228884715380126e-01
-5.445222046890558776e-01
4.198581279064121929e-01
-6.149639329056595383e-01
-3.543077650511099463e-01
5.054978014716950963e-01
8.376009907427861556e-02
2.923038948184331076e-02
-7.051013956702725238e-01
6.517748970918126883e-01
5.622329097659930497e-01
-8.383452001923030750e-02
-4.021153740794984888e-01
6.543360503879704915e-01
-5.076327400167068848e-01
-4.036150742872415265e-01
1.283246847300745230e-02
-8.344478699284683110e-01
1.942775232394085005e-01
1.596489011270632030e-01
-4.563884139346550128e-01
-2.900356514334532232e-01
9.733422974240437675e-01
-3.389140944507560427e-01
6.401723293480370280e-01
3.440193294122899648e-01
7.299384128783903414e-01
7.144242350110168172e-01
-8.638868894572113710e-01
6.099901736197652635e-01
6.669774775193326732e-01
6.975927611613099710e-01
4.647804476170407373e-01
9.358799747517965173e-03
1.509074723587766620e-02
-5.455635545102339723e-01
5.242188985739957285e-01
1.406724064911697436e-01
-7.691469921951101796e-01
-6.798832521124920092e-01
-8.162086138200286278e-01
-4.660476438779919128e-01
1.713702550117173207e-01
7.683539498882774321e-01
2.624495653840965836e-01
5.374088893948414380e-01
-4.746561657799945877e-01
5.668860598386369354e-01
-3.972197522458438268e-01
6.987446340315237592e-01
-9.342031656452860489e-01
-8.206300202205474292e-03
3.256342495953956639e-01
-2.074887802319664853e-01
-5.468623387318523044e-01
-4.942030984672858285e-01
