-6.270962162372484272e-02
-1.907342332815511465e-01
5.052574306489900913e-01
-3.135117799512741055e-01
-2.614365949007091405e-01
4.988031806612915897e-01
5.778311254887478210e-01
-2.909505970223758009e-01
2.442666228338310486e-01
-6.559624771004619603e-01
3.800442762837730193e-02
1.540977430746488519e-01
-5.681600530679984384e-01
-3.219576814648101859e-01
-4.510815193344042129e-02
4.042628961074199445e-01
-7.825985751495205811e-01
1.192940649533769104e-01
7.728327723226791068e-01
-5.567768231995013917e-01
-6.290636293404145984e-01
-8.301564239996335193e-01
5.872688529085725584e-01
9.291394790173725937e-01
1.632323293870212577e-01
-6.202841837323238572e-01
4.385522576809999240e-01
-4.196511763649710680e-01
6.188471080597970353e-01
3.260460978174697377e-01
2.652655657252673826e-01
-3.664292580246808484e-02
2.684080363351089016e-01
6.012147889726502381e-01
5.214164867895574318e-01
3.955119599367971084e-01
-1.791221876550899150e-01
8.502481820072622654e-01
-7.620679299031429821e-01
3.167820764723048299e-01
-7.946701457585019224e-01
1.551665526245478155e-01
7.323902457949360567e-02
-3.278370889037272029e-01
1.372024129329847408e-01
-5.616004354338182125e-01
7.130014162738933514e-01
-7.130681118042703215e-01
9.357936323127931111e-01
-2.409108574140916836e-01
2.236123110996608432e-01
1.555285426248844693e-01
-1.248914192400536471e-01
6.926063326403597564e-02
3.904117037785868050e-01
3.004158874985833894e-01
4.593038786398424556e-01
6.618138716313337611e-01
1.685218933902352667e-01
-2.897074946471294155e-01
7.488453617088000058e-01
-1.213096677951195357e-01
3.035312836733055075e-01
-1.620086597768262138e-01
1.006659753102505661e-01
-6.649179270066563063e-01
-2.990097672476661472e-01
3.458594961779288823e-01
7.887885703520789438e-01
6.967873671403168601e-01
-4.040494175488846818e-01
-9.306848022248230823e-01
-5.759905721663782785e-01
8.618038797809148832e-01
8.757455518185119914e-02
-5.063372621055115541e-01
-2.045352479207909191e-01
-9.182753878111000745e-01
7.791475973012620404e-01
9.217877083921051096e-01
1.742093595027327524e-02
8.690489579171851720e-01
-1.117464664211593739e-01
4.539114951792710961e-02
8.229081271604488101e-01
-5.898662546390476269e-01
-1.936456102946724211e-01
6.266518155289595438e-01
9.992893035375056687e-01
-2.313593645889135964e-01
6.830973771902486558e-01
-8.938815727661801880e-01
1.333880647602287972e-01
-6.054663496496093256e-01
8.549480261776443157e-01
-3.582934118736706974e-01
-1.198617515750532991e-01
-2.853697410686995006e-02
-9.395968300058521461e-01
-8.703527777687143363e-01
8.304024485741885453e-01
2.923335951032004498e-01
-1.758198769760050961e-01
-3.524791692071160831e-02
-8.366428238609615597e-01
-7.308871648999488713e-01
-8.534950939137415649e-01
3.499640700315074238e-01
5.035624733730892366e-01
7.716654769363653354e-01
9.707559090031416815e-01
-7.178958547481650854e-01
-2.408107916662549641e-01
9.680864920131491136e-01
-4.705248443925154067e-01
6.998876583211879332e-01
3.055005924479670121e-02
8.206208275247586226e-01
-2.337252420329403169e-01
7.306768119642452763e-01
-3.347119888221146145e-01
-8.950861408393295804e-01
9.327150382530891015e-01
-3.774211167647294474e-01
9.333961963887573710e-01
4.988804147867844652e-01
6.730306987588563494e-01
6.763153975565987519e-01
7.435984213979285329e-01
-7.881673681182859159e-01
7.963367394508358288e-01
1.020460526563682357e-01
9.403364282785018347e-01
8.930285697978157522e-01
-1.190699040256881780e-02
-6.960350597872624334e-01
2.716188392626555093e-01
-6.396876187206390618e-02
-5.244971238437112770e-01
3.942301814588091702e-01
3.729215375908896402e-01
-3.376368701398511085e-01
-1.481957690798956229e-01
8.834239819258253856e-01
-9.224849462365614094e-02
-8.058958091044270411e-01
-5.290747631066878842e-01
5.954304592497980941e-01
-7.431149803360934669e-01
-3.979450218131681538e-01
-1.297928612226273426e-01
-3.116936315596952056e-04
-4.552202389973598606e-01
4.508500796473109418e-01
-1.234602869838297146e-01
-6.709452898088752448e-01
-4.066958487201774997e-01
-9.103332259505356738e-01
-4.128711397741668954e-02
2.562841701663496341e-01
-2.698568847542910376e-01
-1.950168304316095558e-01
-6.558349846668414251e-01
7.394039656738942146e-01
3.529123863812462236e-01
-2.084813732971313449e-02
-4.380959614997887996e-01
-9.166223572237770512e-01
-3.730054594040563831e-01
9.428562978215397905e-01
3.193792569252953406e-01
7.795958399598270638e-01
5.012542549278526938e-01
1.257472279657823044e-02
6.472642724296744365e-01
-3.211144823513834012e-01
6.314288287980405201e-01
-4.186172165780313037e-01
-6.702259289625422944e-01
-8.051453516678543920e-01
-5.852064421407887629e-02
-9.129059187094645811e-01
3.627337275306674602e-01
7.130387830636726321e-01
9.814851632601071518e-01
-1.378109568617129632e-01
-5.672848570496336063e-01
-8.987342810034435470e-01
4.652218560365362077e-01
-9.671221050100189398e-01
-2.074538576454794114e-01
-2.625933797526245339e-01
3.107685995693296732e-01
7.228646328651027186e-01
3.155225516452855317e-01
-6.851445377720657426e-01
6.237233946390592365e-01
-7.017989545557401510e-01
6.600132007144163815e-01
-4.012232647464772928e-01
-8.901403625349488813e-01
-6.047210095051143153e-01
9.968722867752515260e-01
4.157665963207008986e-01
2.337915289627945370e-02
8.810923269471069297e-01
3.949223491041158329e-01
-1.934965127882544156e-01
-4.061227022359412686e-01
-6.951750943346730605e-01
-5.491947796826004424e-01
4.184470823223016556e-01
2.442443737204949006e-01
-3.297107194441120104e-01
-9.787591233679988623e-01
1.888609094384439135e-01
1.534183058187696957e-01
-1.121046694634990626e-01
9.400145128714929577e-01
1.783706388771320039e-01
6.493570893007281075e-01
-3.958070502934329937e-02
9.504614182921469201e-01
1.697838704971887935e-02
8.637167499885454180e-01
5.297577040242629209e-02
-2.393558675575688799e-01
9.897269366315821770e-01
-4.612959192361580918e-01
3.777437748854286514e-01
8.680923499269057597e-01
-4.261789803880071670e-01
5.533412631383911595e-01
-1.253425392915152869e-02
9.267523806126614083e-01
-4.118511169871548194e-01
5.137482414988001622e-01
-5.820759679696210220e-01
9.488561629777008122e-01
6.656940901770223018e-01
8.435330275767738417e-01
9.898268302278101505e-01
2.070836736953274304e-01
-7.420325224396153718e-01
-4.247326169497265269e-01
-8.006559208115753279e-01
-2.441790446632869926e-01
-1.202054440486088893e-01
1.046109927605265444e-01
2.600993514734772916e-01
3.264438072057860296e-01
8.394032785140985720e-01
6.229045092903655600e-01
8.828445398168915936e-02
5.543574410847185163e-03
-5.400696610432447198e-01
8.478849602298055288e-04
3.894279317695503728e-02
5.159170383690132589e-01
5.658620651219701259e-01
8.356043296643347329e-01
-6.247605096719355267e-02
5.205189107665342263e-02
5.075947737292891837e-01
-7.823147550517151050e-01
