7.901370499885396192e-02
-3.165698402247869581e-01
-7.218000078520594442e-01
-4.856301871449910657e-01
-4.247464082819889519e-01
-4.668503717179162127e-01
-4.136166464758539441e-02
-1.526706320692083896e-01
-8.454481885271425412e-01
-1.071524740843310397e-01
3.420395873094066452e-01
8.702390090462897021e-02
8.835866223908908079e-01
1.536292341630307590e-01
9.294388492986382921e-02
7.582814977703327131e-01
7.619415972962391148e-01
-6.265684764566357146e-01
8.117049975276333651e-01
-8.626470710991103186e-01
-1.998360155081235767e-01
3.709322250694251366e-01
-8.310004249680897903e-01
-4.229024631647821941e-01
-3.015598692359744426e-02
4.937617022770681707e-01
9.773833637186952750e-01
-7.400260977748578384e-01
8.574647818030047830e-01
6.233359159989100284e-01
5.966637690297948993e-02
-3.685730277315764081e-01
-4.425551415031554470e-01
-3.249058665378969923e-01
-1.643681182484533210e-01
-4.639326269085053411e-02
1.670371425768419904e-01
-9.686487801145364784e-01
2.432397088510245275e-01
-3.450072854585388704e-01
-3.316351874877325745e-01
-3.254728967546485219e-01
-3.268385793803612049e-01
4.595447612522058911e-01
-2.095125089730980328e-01
7.616703186912843204e-01
-7.732427503849659267e-01
3.158082589909545490e-01
9.561198728263016200e-01
7.988453446600569663e-01
9.278303944356784960e-01
-7.849813816244064490e-01
-2.472511949638664941e-01
5.151496460900197860e-01
2.159989150518311085e-01
-9.316569256816729094e-01
1.173313824186268395e-01
-8.715493747718305872e-01
-2.852388834219521385e-01
-9.072330280934426394e-01
-3.055447448074899430e-01
4.613170470788574562e-03
-6.561809855408278214e-01
-5.397256259307336990e-01
-5.728472123530636839e-01
-2.287835994782159155e-01
9.606024637641661368e-01
-4.550758138619865889e-01
6.278781015974244095e-01
-4.281864019621299811e-01
8.223580316335608043e-01
8.058132314347081770e-01
-6.517168837453122254e-01
3.582465913655763501e-01
-3.982722508086795621e-01
-9.245198400473073619e-01
7.088122442962057068e-01
6.390474990620547135e-01
4.063157138229303023e-01
-2.519379424565688641e-01
5.714321328683134027e-01
8.318881422089718924e-02
-4.018702395210065337e-01
1.357738884379624533e-01
-1.207487481673739094e-01
8.354820249500405360e-02
-9.619551054876556151e-01
2.802408975146521986e-01
8.191036710308599034e-01
-6.293364782869039775e-01
-5.782008387409964811e-01
-3.813287311953075243e-01
3.632561509203739991e-01
3.635041621076433582e-01
-8.007583297062126348e-02
-4.204149175153246709e-01
5.747990480703639715e-01
-5.395441345537297373e-01
-8.977453315975425507e-01
7.804852394415502381e-01
2.691325906020558545e-01
-6.331290965177815977e-01
9.456249257085731497e-01
-7.603074102532136891e-02
9.330611626048410656e-01
4.952965118083543228e-01
8.820235398938058857e-01
4.838066716440463377e-01
-1.277407948272688554e-01
6.909323979681269989e-01
-9.966646588469298962e-01
-3.858484283972383189e-01
-4.446001151535901030e-01
1.710576119602746914e-02
-6.658466022236795290e-01
-1.162308227776511771e-01
4.620958068523481899e-01
-7.955021624956311044e-01
-3.950236825785065076e-01
-7.505638440076871643e-01
-3.634447159717182352e-01
-6.195878815204090007e-01
-3.494335009502529399e-01
5.381145708585437504e-01
7.770633297836944120e-01
2.986804772821394227e-01
-2.323073916210431911e-01
3.742290477204806010e-01
-5.930039595597660362e-01
-8.330758428183799857e-01
5.323754567780176750e-01
9.946428621029976824e-01
5.186468173909319912e-01
-3.848592892613780236e-01
-8.020001926143418558e-01
8.269684487826096664e-01
7.569167702407693099e-01
6.762504401834605883e-01
6.020656276716402910e-01
-7.848943301344202261e-02
-6.107702217000843259e-01
6.346589084635436695e-01
7.498131141694179824e-01
-5.887008895635401640e-01
2.197765686089598880e-01
4.449144930641724116e-01
7.939737872552132814e-02
2.652081714886445063e-01
9.051066267148188960e-01
9.596605782675728946e-01
9.832825813261107939e-01
2.083342934094114529e-01
-2.548200897988988078e-01
7.763831382292323280e-01
9.102674961816761279e-01
-6.459990599550184953e-01
-8.323195590079539574e-01
7.590043291289616523e-01
1.831466528707155206e-01
-5.128081791010510315e-01
-9.108374771046068297e-02
2.303864982816183904e-02
7.433305327416588337e-01
-5.096799559059084217e-02
-4.370509774229902611e-01
-2.050521796612483350e-01
8.042222988357063951e-01
-4.991698823672061636e-01
-6.349127186547005586e-01
8.191113768622080293e-01
3.886308154690953920e-02
5.872405239548839084e-02
4.121400360535500962e-01
3.928693197595667375e-01
2.874032243478745752e-01
8.004683413619160248e-01
-1.536635485576443028e-01
-3.418829967466296971e-02
2.309689271884129980e-02
-3.583204082770599097e-01
-3.024136330062761058e-01
-6.787331645688245985e-01
5.702452078853570416e-01
-2.323039738884566940e-01
-3.335516019110000840e-01
-9.043367288365067314e-01
-9.036536415886788909e-01
-3.827298314937539470e-01
-3.298192766994212377e-01
-2.122202059086086834e-01
-8.605679079899277717e-01
9.128634936501245356e-02
-6.223411390117310482e-01
4.691286039268858232e-01
-4.138107877103163190e-01
1.795199019514346350e-01
-5.606520520225826143e-01
7.047792922146343120e-01
-9.788291539323166202e-01
4.729806665394002962e-01
7.642964409783157276e-01
2.709694640870594640e-01
7.261231109765264868e-02
-3.930422518008529487e-01
6.050446618315499236e-01
3.974264319473745921e-01
-7.099208113437665002e-01
8.818280193466330186e-01
7.023146926813295110e-01
-9.823212793281055344e-01
4.954245162207657760e-01
-1.111256214395930364e-01
-4.686279899095737722e-01
8.916076650052366936e-01
4.978423002372185380e-01
4.137446700069145056e-01
-5.856468215758581231e-01
8.677609372021011236e-01
3.468613938621756265e-01
2.332407300581098575e-01
-8.110915224267196688e-01
9.224432211400328541e-01
-5.748802955639669143e-01
-4.538648699738412340e-01
8.193756108274239391e-01
3.777481217964218096e-01
8.564709355582817984e-01
-4.299268466335002259e-01
5.525316032153835266e-01
-1.664434744099541064e-01
-7.389401656211911362e-01
1.289468660811432521e-01
8.735763289994546987e-01
-3.393481620591312087e-01
-9.085863900043547048e-01
-3.170906799287340760e-01
7.096700490228706748e-01
3.501246754724498533e-01
-5.899766599880902351e-01
-6.974605759442185082e-01
4.035920503226144707e-01
-5.578085672215404855e-04
5.557522668091321449e-01
8.359406426826574421e-01
-3.232584935352065258e-01
-3.884594031364150268e-01
1.772638683364018419e-01
-2.333342172778984924e-01
-4.375915776195840046e-01
-1.838130340725783185e-01
-5.798461715149973994e-01
-2.693763380021523268e-01
1.967124037598171338e-01
5.625533809442293531e-01
5.304578189978683689e-01
-9.321849348972057747e-01
3.138533329267769734e-01
-7.152325310119278523e-01
5.147590810967521691e-01
5.279747669813452671e-01
-8.797152150230937995e-01
4.965860732906011155e-01
4.089314195295234988e-01
-1.983458196066245627e-02
-7.320004642327755384e-01
