-8.690279981617932137e-01
-9.866087206266360710e-03
3.614070304998371341e-01
3.002279675586376761e-01
7.129100698404755576e-02
-2.600862206713956404e-01
-8.497479565146761615e-01
-6.030337598413908484e-01
-5.172530429329520452e-01
-8.448890272724409733e-01
9.973893722079909541e-01
-1.928222137223654098e-01
-6.411513361532354960e-01
-1.838138144245116123e-01
-5.769025848141540180e-02
-1.337522702187392554e-01
-4.774664075118197903e-01
-7.054227877644569933e-01
-4.792964016799947657e-01
-2.980823075746508177e-01
1.946077086359512265e-01
4.064146514293383028e-01
-4.709216031401337599e-01
-7.247189492309351611e-01
-2.660818698158822215e-01
-3.251416694506783500e-01
-8.254738844197271330e-01
-9.356567064249088350e-01
9.720006929018130126e-01
-1.240593351045125026e-01
7.333983972931583661e-01
-9.251224840089395940e-01
-4.878837967083708982e-01
8.258836827948088377e-01
9.778263650992775613e-01
-7.229644122966689679e-01
-1.102434921715467198e-03
7.484730440176750044e-01
-5.705532267252382272e-01
6.201553823855072700e-01
-8.103566169555498355e-01
-9.936692457395261968e-01
6.696165502322728447e-01
8.517586838127189086e-01
-7.688100461528366569e-01
-9.484943349764272114e-01
8.686706980222558272e-02
7.487445196034299144e-01
8.237348399357342643e-01
9.332409237738450436e-01
6.748677988460061172e-02
1.555195445163022328e-01
5.527031292222095438e-02
3.061871049646025522e-01
-3.444985275854113294e-01
6.193551116994273631e-01
-8.965177480270409838e-01
6.878567453153163758e-01
-9.631815487657457986e-02
4.561593332373683474e-01
9.603334715988214310e-01
-3.987422266971707430e-02
8.827600952721976757e-01
3.119455640720054657e-01
-8.658534816594452010e-01
3.385327784611471547e-01
4.446910714452203539e-01
-4.256691660146258993e-01
9.132039138119463217e-01
-2.693656520012241984e-01
-7.741084719301722927e-01
-2.084970256923224241e-03
2.905212518149618006e-01
-1.455028505314415188e-01
4.875195568959880266e-01
7.676159424073842885e-01
2.124701703263780495e-01
4.595459692025796183e-01
8.025124824000535728e-01
3.405997801180191686e-01
-3.409219162947365600e-01
3.963268686574878963e-01
2.495247036500702897e-02
-9.407143806651587781e-01
-6.052535038284350133e-01
6.867088147390711939e-01
-2.773128545823071445e-01
9.152833085969107607e-01
9.508895560566967831e-01
8.420341846359487015e-01
6.647305362298641107e-01
4.147743065889226699e-01
-7.022172919999252194e-01
9.649523993669739674e-02
-1.003813441661878247e-01
-2.223326662208964244e-01
2.136416216902319309e-01
-5.789377452555857229e-01
8.073807862687150116e-01
-9.423386126383697103e-01
5.586221199828000916e-01
2.766031319717807690e-01
-5.605723922237277890e-01
4.830620589701137835e-01
-1.878661011496405298e-01
-6.290109859464609876e-01
6.033973712629701058e-01
6.033396184804924456e-01
1.111251982290035745e-01
-2.963139443043683041e-01
5.768910108293949790e-01
-3.696663625403251441e-01
-4.222493368581623496e-01
-9.369403248501673165e-01
-3.085567894389680266e-01
5.691842082528406621e-01
7.499647017485933098e-01
-6.189300156036763312e-01
4.786855876423237177e-01
-1.650511141581278984e-02
4.232919537210206862e-01
-8.135537640458325725e-01
4.165809024347919554e-01
-8.721054985089677913e-01
9.062051182680868067e-01
2.380193713719991333e-01
-2.664343707935512562e-01
1.283890645576146738e-01
6.471722894433096229e-02
5.557966179471116597e-01
-9.960368316463417138e-01
-7.112641435965951775e-01
9.356142406362049080e-01
-6.508529420958777401e-01
2.624029829426690608e-01
-1.359080038511766286e-01
9.129413376673136682e-01
9.281702450934194992e-01
-6.061205402014355759e-01
-1.381042637768425951e-01
9.432704305520522858e-02
3.109547702374513278e-01
3.513494330961819401e-02
9.705724904952026666e-01
4.351835277462914320e-01
5.636103736962090327e-01
6.908419390154492135e-01
-5.958228949361024096e-01
9.605325245718272509e-01
5.240460831184754475e-01
7.515646005397842444e-01
2.661174350107382569e-01
-7.971847807937137986e-03
9.043359567029383150e-01
-6.993044692361485293e-01
-4.149626069623810753e-01
8.532699568928938660e-01
4.117655606290384629e-01
6.833667322469914041e-01
7.610819061253624174e-01
-1.841290402906414769e-01
9.200544171472448962e-01
-3.345423515489853727e-01
-5.744011517304512537e-01
6.650776062477550266e-01
-6.545853092556543906e-01
-2.138976975731325947e-01
-3.218584432656412808e-02
3.533552609103716158e-01
-2.813030220627230626e-01
-5.364397555528133132e-02
1.341581598827255029e-01
-6.802961836789747085e-01
6.380860162966148774e-01
3.953781072871753732e-01
-3.977170658936124426e-02
-4.077836610058382938e-01
9.305531641058766290e-01
-9.624524338239635046e-01
-6.096666805886350460e-01
8.240621797163800721e-01
3.743255939738034943e-01
-9.066257921770404238e-02
8.918406183703340151e-01
8.164378320867515804e-02
-3.915913136800677208e-01
-1.323164962518186272e-02
-3.638045391557411801e-01
-4.955152421663651108e-01
-8.378683247137244106e-01
8.443207633047340455e-01
-9.661231993039860466e-01
8.664433062988747825e-01
-2.770389083261224350e-01
9.669356713972581119e-01
5.562324936720230983e-01
-5.894018252083261800e-01
-1.601137135937069633e-01
-2.055325875389331092e-01
-3.262332470554605290e-01
-8.464598339313853526e-01
4.189859756401825841e-02
7.358676767880660829e-01
4.693969197253400338e-03
4.435802419654966133e-01
1.752748535679855557e-01
-2.883856002139868480e-01
-9.233098081544472979e-01
6.900826921824343430e-02
2.811463526812794100e-01
-5.444674882154607598e-01
6.116307424445066587e-02
1.552756705174349605e-01
6.066051831719574405e-01
8.873016781322278224e-01
-7.084050523629170648e-01
2.136446617710052731e-01
3.612254406907546844e-01
2.201348180247255648e-01
6.087988660913408179e-01
7.164754053882635976e-01
9.559670218939126940e-01
-8.962670839092690134e-01
5.539623168164584666e-01
9.600338138869752846e-01
6.301099190375416548e-01
-8.892487983593626577e-01
-8.417380642671004054e-01
6.055469334840071216e-01
-7.566594903007102246e-01
-5.644276020740148780e-01
4.579915894799968523e-01
6.904527732333380907e-01
-8.273117544737853546e-01
3.392115216642095366e-01
-2.944510644054301185e-01
9.420127167210976538e-01
9.281985243394434981e-01
3.730433758119018339e-01
-1.745399601923696142e-01
-7.448193339459578954e-01
-4.964782309017770068e-01
-5.816398682775170137e-01
9.925854126250428511e-01
4.772224268087061905e-01
-4.097616116155524679e-01
1.193676536235368513e-01
-6.607862132645492270e-01
3.262792820665405547e-01
-2.651380310988327160e-02
-8.348006305041970609e-01
-6.293812516753252151e-01
-4.312711177267054552e-01
7.125562471585837887e-01
-4.731933574717637203e-01
9.974330942912557063e-03
6.009803912152684724e-01
8.092090003529084363e-02
1.550987267467629493e-01
-6.836519918175341104e-01
-7.354024235431118051e-01
1.891233041829767370e-01
4.865824377360727926e-01
4.160389409120999193e-01
-2.041364081397498698e-01
