2.358880542689232307e-01
4.243500423042774194e-01
-4.413934580176630540e-01
8.749225442275336828e-01
5.540226693551366655e-01
5.586550993655912123e-01
-4.974567602432788949e-01
1.291222022462132912e-01
4.102465581647729564e-03
-1.187373626571015528e-01
3.638706368563682236e-01
-7.170888246151627676e-01
-5.584239797651597836e-01
-7.416382770133458369e-01
6.340405552817331980e-01
6.333757582029224675e-01
-8.778861049466084587e-01
-3.027953436854653457e-01
8.908027282263961677e-01
-7.067526795356473546e-01
8.924553538738388969e-01
6.415512709643891309e-01
2.355849821439670588e-01
4.765478107974727706e-01
9.862581739585680740e-01
-2.618137672152069939e-01
-7.484662058370081805e-01
9.855003707355771692e-01
2.513369204410800251e-01
1.931325056697761333e-01
-3.067706892026844656e-02
1.486023088585917140e-01
2.398100798483717710e-01
4.776395479259671895e-01
-2.201880737448229652e-01
7.687658069012424100e-01
1.697344423468525321e-01
-7.953652429308226690e-01
-6.870253897736167126e-02
-7.276515097376186070e-01
4.007456145576633322e-01
7.195544371211284318e-01
2.344180978711685182e-01
-9.600729838811650207e-01
-7.082397545937171301e-01
-7.742474113515607215e-01
-2.641663688187958492e-01
3.959941489498006728e-01
9.484916172464208373e-02
7.410832183290443353e-01
3.396617788123210691e-01
8.094204359563266227e-01
-2.088389107659103239e-01
9.044568156298034012e-01
9.701167233313683358e-01
-2.257474918048243406e-01
-8.545349176276397785e-01
-4.128729158169006652e-01
-2.385175227671094689e-01
-5.387605768797967265e-01
8.336643638879437379e-01
4.729903963262960254e-02
7.390514585577760975e-01
7.768198991167369893e-01
-3.976115767697341319e-01
8.301404329374846292e-01
5.155551619093468041e-01
-4.265224015844892858e-01
6.913453804257019275e-01
-4.745629966685243062e-01
8.685153721180505215e-01
-9.722752928414597484e-01
1.800138256411132343e-01
-1.523741256197581606e-01
1.184477473671807779e-01
-3.220802899415691201e-01
-5.143758933507911468e-01
4.461466675718650521e-01
-3.518670604058815599e-01
-4.303033783167273807e-01
1.811643757871028715e-01
3.018002106729043010e-01
9.367342161933778222e-02
-8.847269757890003916e-01
8.449132598229689428e-01
-9.499370798915836023e-01
-1.154263524565430910e-01
4.421275032147040651e-01
-5.611187544919669090e-01
4.953700274582522045e-01
1.242701418142806435e-01
9.303997481881964848e-01
-2.806227602820754452e-01
8.654537231775294437e-02
6.942607247097738465e-01
2.791820283930406266e-01
-4.341136962098421925e-01
8.009998696281457331e-01
-6.785260161812147750e-01
-3.457896080392075522e-01
-9.192030692335100284e-01
1.507316997262442282e-01
-2.766195569444049873e-01
1.272613415912671186e-03
5.489665044811968819e-01
3.094076062881041533e-01
7.621439498781528155e-01
9.759475618805808494e-01
1.396199047359569789e-01
-8.057570293442728460e-01
1.197374287865293763e-01
1.007991962041232537e-01
-3.369778713719260299e-01
-1.044144224113165986e-01
6.073204196522372644e-01
3.502395695494824324e-01
4.944705035231258261e-01
-8.527078781800643270e-01
-3.340435769187453108e-01
-4.628526640723351626e-02
-3.648596996453858932e-01
8.388132083311867770e-01
-6.674112405584713414e-01
-4.023825907793165957e-01
3.214189772648350374e-01
4.921352304657473642e-01
2.373228250009438156e-01
-1.127086192346351545e-01
3.984374881940848656e-01
8.394514943759565639e-01
4.482961068482482769e-01
-1.520724894759530876e-01
3.602983825279779673e-01
3.798855804365943722e-01
6.696745098216825287e-01
7.500452402969766119e-01
8.432598886026592133e-01
2.294105896267197853e-01
-3.108340661875055311e-01
1.559904688571729370e-01
-8.869296659567684760e-01
2.651370016895087112e-01
6.807725078584221379e-01
1.073785605431432089e-01
6.957791656077676468e-01
5.555762875692882297e-01
5.975495344490113769e-01
7.654510941743721819e-01
-3.926523375142825234e-01
3.476390263288584581e-01
3.805439473911453874e-01
-1.950837147979818109e-01
-1.791468493690659969e-01
4.895146679100452758e-01
8.415261496530486163e-01
-7.911647899283804630e-01
4.652698280248979135e-01
-4.342992713725941645e-01
-7.722336037702937084e-02
2.138462094925679402e-01
-4.770334301515897213e-01
3.036508139674787277e-01
-7.624340188921137074e-01
-6.313195672087730248e-01
-2.659815940338274842e-01
-4.615294343415055067e-02
4.267856897904080959e-01
5.551218679376013210e-01
-3.806494094892745039e-01
-1.896436474590281751e-01
-3.283741905335577638e-01
-9.220404677839626473e-01
-4.685264791658483308e-01
-3.496274348496366535e-01
-6.153719982307357395e-01
-2.402058928096180157e-01
-1.021100212614693969e-01
-5.823670201335728880e-01
7.397275057665169129e-01
9.292960911756358300e-01
6.495202871707981274e-01
5.798367630073666401e-01
-3.674553495385934898e-01
2.754089876996996811e-01
-9.061071508330207358e-01
-2.377504481659042934e-01
2.188774189775721801e-02
-2.460285241221353836e-01
-4.167476795401532375e-01
-7.845104246174563478e-01
6.729454361103233140e-01
8.483067986272456729e-01
9.987772731185053932e-01
-7.641632020933639691e-01
2.165432155123137026e-01
-5.117377130784863670e-01
-3.057545844800240165e-01
-7.262316805637116790e-01
4.762963299664779715e-01
4.686867382422976736e-01
-3.938966772263747806e-01
4.624396698504606995e-01
4.244540569611896519e-01
-7.510679569113587473e-01
-9.780348301025854063e-01
-5.620611680539195909e-01
3.977167425132936973e-01
6.401096421537555425e-01
3.753444592682633196e-01
-6.840446636415733472e-01
-5.952092869737184433e-01
-9.101945991465629771e-01
-2.263229271660454067e-01
3.036944532153904586e-01
-2.220644937000928465e-01
-5.094991456910418215e-01
8.115112995664643947e-01
-8.014108933605443852e-01
1.059953479943160914e-01
1.081945625722644522e-01
-4.166201921529195662e-01
9.586175310221074497e-01
5.796484175431830810e-01
7.853344679516260918e-01
3.056987136287221407e-01
8.427364492677140717e-01
2.270080394264262225e-01
9.848273283243313969e-01
-6.836623491139941500e-01
6.781139136124592071e-01
-1.743475636282096897e-01
-4.499147569700925331e-01
-4.351741421887507233e-01
6.485052358821505880e-01
8.748904265480594855e-01
-5.515931238769256062e-02
-5.124816535439911114e-01
-4.787863337033146927e-01
7.907415232714138931e-01
-5.295697945242512361e-01
-7.623108780062484158e-01
7.816664924540221993e-01
3.641938806754805302e-01
9.240313499315022661e-02
-8.973377527144774657e-01
3.684014006728821844e-01
3.257735941084716202e-02
-7.865990755490426256e-01
9.675277139042746111e-01
-1.926447819203263023e-01
6.568066814431952061e-01
4.838508146784155084e-01
-9.070086369570962148e-01
-4.344059978781600329e-01
-6.037876126745758132e-01
-1.186934343792025448e-01
-5.999223097773502822e-01
-8.349591894422876415e-01
5.864382344024607896e-01
-7.062363357807048825e-01
-8.373775597414208072e-01
-5.579682991284442561e-01
-2.294250178107428706e-01
6.533146311543680529e-01
4.450777056226375983e-01
