-1.114420078658739932e-02
-9.283718836362750970e-01
2.759966824057558110e-01
5.326224460869608546e-01
-5.000144292548913683e-03
8.020166045657679543e-01
-2.132168930964093434e-01
-9.638991062701112167e-01
-8.621409367626131637e-01
-5.415966521300124015e-01
-2.964002797487528262e-01
-3.036511400338286482e-01
9.541901674809436518e-01
4.244430525653806185e-01
3.364954801543040830e-01
4.724100660548318231e-01
3.698599193961891185e-01
-1.869342201045094409e-01
7.035366623211258830e-01
7.788948861292814829e-01
-1.038677874616042995e-01
-1.056334219715091560e-01
7.619299353259989527e-01
6.562820725494342700e-01
8.890825939790711896e-01
3.472233227483230156e-01
-8.299819915638797507e-01
-3.219550064426142111e-01
5.543942942822077669e-01
7.943509478634001031e-01
4.540390889681209519e-01
-7.107383813035688114e-01
-8.615502423667724674e-01
-9.328196456347752630e-01
-6.915602646601373138e-01
-7.271425911454305613e-01
-8.923357111942904485e-01
6.551910734657506730e-01
-2.081958219595334558e-01
7.243716971613232136e-01
6.966938839937577566e-01
4.253756962029302535e-01
-6.391807675259937316e-01
-7.946787097127261390e-03
5.601340781742347730e-03
-5.148021383420733343e-01
-6.209703980647351962e-02
9.296730244529762821e-01
-5.362387652261559889e-01
-6.895844550805252382e-02
-1.782367047786008740e-01
2.206643735325719557e-01
-5.563175155249560078e-01
-6.280043068611551593e-01
-7.555037393687666913e-01
-7.390166205255142007e-01
1.139179700033619014e-01
-6.743859257559903231e-01
-2.063952409762925821e-01
-5.867273638233916344e-01
3.295724798151593582e-01
-4.748695655443007091e-01
6.710573779061435040e-01
-3.336485722674864540e-01
4.198947396540981813e-01
3.330784162375244328e-01
-9.462805326356060753e-01
8.044704352715521534e-01
-3.440861165073940686e-01
9.180225045828060981e-01
6.516134329848386475e-01
2.705991147801225516e-01
-9.078018626004502600e-01
-4.545694487201519252e-01
-5.589670746564037174e-01
-7.625156437359099648e-01
-2.431596032347602687e-01
-2.734551278427328480e-01
7.914561962905970471e-01
2.192129013128829573e-01
-8.500738298247996205e-01
-4.103034450604181593e-02
-4.810599824825263493e-01
-1.711855168580505016e-01
-9.544615801832767588e-02
-1.461657644203027129e-01
4.385973702159469134e-01
-1.180570677225967202e-02
-5.959934966880338081e-01
-2.159932897509424521e-01
2.055180998856778185e-01
-2.738821443429968472e-01
-1.361660451235566782e-01
4.570053105005413840e-01
2.465740928405990573e-02
-3.114149226319402608e-01
9.992760157352147399e-01
-8.256258133708977986e-01
2.796214442595177374e-01
3.674660958961777357e-01
6.127105839326569825e-01
-4.506144342563862537e-01
-8.259195174929969685e-01
-4.662009236581152738e-01
7.923167676538769300e-01
3.858312767964333645e-03
-9.585549139019613474e-01
3.434241852946693374e-01
5.088687883040765580e-01
3.845152524489829915e-01
7.908997359597380594e-02
-9.931922754090338756e-02
5.782782968055042438e-01
-2.149057784854138120e-01
3.557006921560541546e-01
1.627335652826433776e-01
2.435399347073010645e-01
-6.455450682016219410e-01
9.589578365124709070e-01
-3.704235071914809829e-01
-9.313303134481398793e-02
2.651779418722497450e-01
-5.291825319294809482e-01
-3.388543650887729797e-01
6.635186952167753116e-01
-7.899829887926397287e-01
-4.026012190006782454e-01
-7.872180174544096687e-02
4.377504153496858397e-01
-5.291040278783389894e-01
4.551524520215384229e-01
-3.614935131669771984e-02
5.414303375004185792e-01
-4.204405490733571504e-01
-8.412596926734685621e-01
1.856700423447465997e-01
7.088455881000830239e-01
3.881357404403062983e-01
9.111643405541345331e-01
6.363605301484898114e-02
9.482055246492364642e-01
6.929148429498432904e-02
4.370433900279802053e-02
9.016444746590634995e-01
-2.978423154405986928e-01
4.424423099068997001e-01
-6.855935236472172623e-01
-5.017257415340341531e-01
1.200699324454743699e-01
-7.877023149693307413e-01
-3.817044450273909817e-01
-8.561944172518543006e-02
8.750953577940792094e-01
3.861141404338996885e-02
-5.737161557335330730e-01
6.827910654561235582e-01
-2.345353698808478882e-01
-8.112294007693441333e-01
-2.627986656919412134e-01
3.103464471505974487e-01
2.465939953315325894e-01
-4.726044279035814810e-01
-1.197747718829671459e-01
7.523844395641221539e-01
-6.963916842935677920e-01
-2.784544435379010530e-01
4.254168103961881719e-01
6.195031791992853254e-01
-4.713386259518486110e-01
-2.248948970277482307e-01
4.217265616757548408e-02
-7.589068262262819164e-01
6.102194260172304485e-01
-8.353671403214655289e-01
1.010971172110672889e-01
-5.757208115458645192e-01
3.089477433973271125e-01
-9.801883266932569505e-01
4.747886432307546478e-02
6.773157253988713045e-01
3.088331858245592088e-01
-9.208785892826445441e-01
1.126044650897746191e-01
-3.691681944304847640e-01
-2.664934579880464671e-01
7.328328984681200531e-01
9.094012112215317245e-01
-8.181612440684564724e-01
-9.210576853451297730e-01
-9.390961701394793248e-01
-4.991128741916339706e-02
-1.703323121503799165e-01
-9.703722668079683977e-01
-2.101705429068605469e-01
-4.734068769002339749e-01
4.650026232789392644e-01
8.795714213122627356e-01
3.272016159844164385e-01
7.490631323543395226e-02
1.345811609671201392e-01
-8.824545324604367025e-01
-4.699394632371167724e-02
-3.960320439275497595e-01
9.016960180536262026e-01
4.038432889662060266e-01
5.487152481643118307e-01
-5.838342490380796779e-01
9.736419711016490730e-01
-2.084451465249483881e-01
1.518578392563774138e-01
-5.790130557593375915e-01
5.785071507531824864e-03
3.291815596356868490e-01
9.196692235680592464e-01
-5.518498510309854943e-02
1.774227107427444050e-01
2.796893372545574685e-01
8.671494898949787533e-01
4.869731350393824432e-01
9.000507443625258563e-01
2.276211107150314383e-01
-2.789860282737111064e-02
-3.436306179337567102e-02
3.342627698194509112e-01
7.645530315840898261e-01
5.207539215132563903e-01
1.600541688076773106e-02
5.103475882352939141e-01
-6.535390487648313762e-01
-6.395148965654806616e-01
-2.098625098877411332e-01
6.141485033709688235e-01
8.413613548792486796e-01
3.356525129487495374e-01
6.684505490085022039e-01
3.044531482672439004e-01
6.344296879139985634e-01
-7.631584099863242265e-01
1.341777312507397291e-02
1.212456658331129145e-01
7.025173255589389765e-01
-9.706263544291107159e-01
7.467874387867601271e-02
-8.244606887943735085e-01
-3.744639606036148649e-01
8.143791577508288082e-01
9.943999776152263603e-01
5.939332037814237797e-01
4.112387811657969294e-02
-5.082319502658920740e-01
-8.868852325351230803e-01
-3.355443412321301722e-01
-5.090353777419136527e-01
-5.127362376298956192e-01
-5.214065012274309296e-01
-5.223179521237837353e-01
-8.279272759126350412e-01
8.012458852871828796e-03
5.584130665061104448e-01
-3.363389965250560554e-01
-6.420240251202753434e-01
4.696738361141041818e-01
-5.792635321188854824e-01
1.174689019825867486e-01
9.614254562116946179e-01
