-5.356754359869158044e-01
2.752271799944889796e-01
1.331161039803334667e-01
-8.162884277387445486e-01
-8.559649148347694414e-01
-5.049966664686378337e-01
-1.908137048395828206e-01
-9.830015806913401377e-01
9.939460152565349205e-01
-6.613495163490170636e-01
-4.238393300733966917e-01
3.883129372749429820e-01
-1.894831912547230157e-01
-9.723854209374040991e-01
3.691841423779309572e-01
2.395258065140717374e-01
-2.718051116990203298e-01
6.894629404362000447e-01
5.539423954672866302e-01
-6.486445745714286559e-01
-1.213447580398174797e-01
8.116230565971882527e-01
4.122293489276414036e-01
7.672713286865247007e-01
-4.679067067235076482e-01
2.770099036155806438e-01
-8.074238517279386240e-01
-4.874790350694622187e-01
9.574066658210518277e-01
-4.288687273887918927e-01
8.334385821562966257e-01
2.594173829280197463e-01
-5.871413286154869571e-01
-3.815206562801265466e-01
1.266652233397311811e-01
6.204809104712563084e-01
4.467022373725120232e-01
7.326960457379101399e-01
5.902518670885523733e-01
-6.145704965198326430e-01
7.602140501533607431e-01
-1.987457595790955711e-01
7.751006938635951471e-01
-2.722702857835979096e-01
-9.720225628244341110e-01
-4.933942665269186456e-01
-3.372430490900852895e-01
7.190322647301508052e-01
8.343359032869468450e-02
9.200722625972794777e-01
-4.275102839810795974e-01
-4.110901861185942696e-01
-4.629207413294089690e-02
8.460508976563156924e-01
-2.145463109706331473e-01
7.390171178210596103e-01
-6.989297870466135709e-01
5.645407436221274722e-01
-9.394664923106188503e-02
9.013381026350917313e-01
-8.746878712357826213e-01
4.957618736104965063e-01
-1.061423278523021541e-01
-9.151525374593916240e-01
4.776816856584715776e-01
-3.302512485156674504e-01
9.503231503799285385e-01
-1.845139241246822603e-01
2.173710288249042222e-01
4.939951122834485009e-01
-4.850189616491438205e-01
-3.712895052044375976e-01
2.540568272471053213e-01
-8.633585250313575710e-01
-9.478184250895309582e-01
-3.411727785501679211e-01
3.421278775946492434e-01
-4.308424682375322501e-01
-4.511648042182601070e-01
-1.969435487030635201e-01
1.872650586170117037e-01
-9.706245194449041325e-01
-3.309940832619546747e-01
2.769773744108072755e-01
6.392613909908402281e-01
-5.734457462082593882e-01
-5.385248858172864139e-02
-7.529614336678860376e-01
-2.947631674264681312e-01
-5.151240703000108390e-01
8.053745740288944521e-01
-4.927423079359309899e-01
-7.429289013620286042e-01
7.817113126513850485e-01
4.135771132093570834e-01
5.043834021310147353e-01
8.885151507173008056e-01
9.435417946738400286e-01
-9.474579937310600997e-02
5.454894132436793885e-01
8.032971397691244242e-01
-6.589229317884079951e-01
-3.061716784836965299e-01
-7.011974566418128774e-01
6.258566985416811335e-01
8.614701076623683118e-01
-1.385084468038568772e-01
8.324734651266205709e-01
-5.495422645467944456e-01
-4.426058976517466270e-01
8.887127045058313968e-01
6.727725795641081863e-01
9.187743328034401191e-01
8.688671842451631822e-01
-2.087091991022813620e-01
-3.477510892726110026e-01
-6.356880643674507336e-01
-4.187897616126130540e-01
-7.215204837778474989e-01
5.841420310762852619e-01
-6.934887339085529234e-01
7.813866443992367739e-01
4.687305759431708019e-01
-8.716158466842933716e-01
6.162213943706533748e-01
-8.036546471279562009e-01
1.444360104234132525e-01
-1.469375259625547159e-01
7.002481345236633015e-01
-1.215117251934281217e-01
-9.034877745450173858e-01
-4.932354949748691819e-01
-8.728471730165097142e-01
-3.320470641834547543e-01
-3.877261755095802176e-01
9.749875039566033852e-01
-1.954706859752675108e-02
-9.097375518604362554e-01
-4.829254476450359768e-01
-1.748082516539120057e-01
-3.829465965293270546e-01
-9.356629110374192759e-01
-3.636409306834431643e-01
-4.735893966937609889e-01
-7.139618759216754817e-01
-8.479429314614095325e-02
3.742184108005985888e-01
-7.271105646864230998e-01
-4.287963112094748119e-01
-4.885448664765132953e-01
9.268917024551903694e-01
-8.750913136582301188e-01
-6.104765740678479435e-01
-7.449551389272079938e-01
-7.712283115546858525e-01
9.081471516493870855e-01
5.073296325020741904e-01
-5.746923165180233273e-01
5.963342767893593521e-01
-8.805543253919552171e-01
-9.068671390931593024e-01
-7.382850400483547126e-01
7.859657012779632801e-01
1.040775882522742002e-01
6.128596487072148769e-01
8.236962880117015828e-01
-6.380047736651432988e-01
4.288265531487351900e-01
-6.908043734940698677e-01
2.268736944881846185e-01
-8.388089232763860092e-01
5.691315691002933885e-01
5.157715719791746700e-01
2.042487638797894078e-01
-5.399665009191039200e-01
-2.218184405671950188e-01
5.328519261237305571e-01
6.990389509121379685e-01
9.220502103325876053e-01
-1.918381973871952084e-01
8.243594862473990759e-02
-8.658570058148149506e-01
9.151535297614510345e-01
-3.399195457995158876e-01
2.329044631833363521e-01
-2.876970803179641489e-01
3.216255216616212831e-01
8.325713925488551492e-01
-8.727798563537330079e-01
5.988030575423028967e-01
-7.355431010110951018e-01
-8.904597470837993800e-01
-7.495120802634438473e-01
-5.950207784889209872e-01
-6.962510144035791715e-01
-7.114897449584824951e-01
4.257094567772372606e-01
9.315709524373991801e-01
4.069796956716675851e-01
8.799886233404945468e-01
-2.941350504055026960e-01
4.605444168674388550e-01
9.075452663955869692e-01
-6.265286398920462130e-01
-3.853686752883302979e-01
-6.199420667374411220e-01
-9.720968335385504755e-01
-8.004731568365641703e-01
-3.668041842913456474e-01
5.842629264619703111e-01
-1.402834801016326072e-01
-9.534302590876997385e-01
7.299128422017828743e-01
2.197060247469253547e-01
9.377720015675374832e-01
-3.229637948835792916e-01
-6.775536676582643025e-01
8.090457889864228758e-01
-1.326678142931880799e-02
-6.318373714447915734e-01
6.752170317501455798e-01
-6.001938939954851726e-01
-7.460502368370509618e-01
4.122475845101309933e-01
-1.625639413983535064e-01
-9.752529594171834848e-01
-9.260393306426641935e-01
-3.206492586237188469e-01
-3.912596186813090959e-01
1.771483408233547330e-01
9.823901653059619044e-02
-2.163946792169015865e-01
9.833083584692958734e-01
1.778259800438692917e-01
-3.343464410031229406e-01
-9.718955449111748024e-01
9.056546090841059993e-01
8.152751234650634782e-01
5.745530782666941061e-01
-2.734341282663128592e-01
-4.318810138509299179e-02
-2.245019604420965820e-01
-8.186399961781443135e-01
3.648081508993965549e-01
1.813544032814495832e-01
-2.284516342040725512e-01
-2.010836301520695368e-01
9.778847871162743566e-01
-4.402372257194222538e-01
-7.515967276371311456e-01
-1.339168674084758592e-01
-9.426387488414502691e-01
-6.240844673240404372e-01
7.076931528810059824e-01
2.598819525972586586e-01
-3.222720503244023149e-01
-1.164551685745895959e-01
-6.667083450662092403e-01
7.095319129868187247e-01
-9.921966233913614985e-03
1.074054516426672379e-01
-6.872690802031318213e-01
-6.355213565789774588e-01
-7.079492758465910640e-02
7.916904910069932910e-01
