7.330626377916700243e-01
-6.586799818939286233e-01
-4.967217471173701604e-02
-5.743753459874771927e-01
-8.219224301674237232e-01
-4.749692447310853716e-01
-1.340542313924462103e-01
9.238075617466612321e-01
-7.802055693294620564e-01
-7.322869164669789654e-01
9.792803735047306279e-01
9.013697364883170859e-01
-8.010362132790096457e-01
-9.830012696031729114e-01
-1.187366583010158738e-01
-2.173949358895657102e-01
8.167493340450884265e-01
8.154478692606046408e-01
-9.811809728091795968e-01
6.914370374640692596e-01
5.187808616921458782e-01
-8.141416488188173428e-01
-1.113245547271854985e-01
-7.007298235644343620e-02
7.149664992937232455e-02
9.257766543523078262e-01
5.817683565831364145e-01
2.430568986310075452e-01
3.226146097174429350e-01
-1.912871303232117626e-01
-4.115818080979627425e-02
2.519274303054874764e-03
-6.480355169752738398e-01
8.259603086230355995e-01
-6.929964685294565108e-01
-7.110327578996351594e-01
-2.770902082047927983e-01
-7.896885281471437423e-01
4.417913198588387935e-01
8.616710974625447772e-01
-6.340279186099631037e-01
-4.613006157003451957e-01
9.434781374926504149e-02
-6.164448911968152256e-01
7.867392424425423414e-01
7.032232596594392149e-01
-4.097958035191151538e-02
-8.168830044173680527e-02
8.917870536766279166e-01
9.484754807263107157e-01
-9.154367373934866325e-01
-4.505264453507946687e-01
-9.013483973290254969e-01
2.903721917269699304e-01
8.449910406731964141e-01
4.731892379349829092e-01
-2.194773050651677160e-01
-5.437408063588973217e-01
5.987152245804412409e-01
-6.380474366853139401e-02
-8.692103165588731528e-01
1.427640314324645221e-01
-5.145587043974890751e-01
-3.552460985764360757e-01
-8.120852578798016808e-01
9.161607716196602524e-01
-8.051251550464468831e-01
5.989389196577781238e-01
-9.805035667502703944e-02
1.938121535183507937e-01
4.750483564621774679e-01
-7.468881505108313501e-01
3.214523597879592742e-02
8.157848322675682606e-01
-9.388021180745376171e-01
5.535305657932814150e-01
-4.488334961911040200e-01
-1.572759635854164006e-01
-4.009292386635974204e-01
-2.929433497731348535e-01
-2.501064091880560447e-01
9.611839554846857148e-02
-5.379056849994106049e-01
5.780439836160815581e-01
-4.069942997764657289e-01
6.016818125795539984e-01
2.760381323610112680e-01
-7.269880905071930410e-01
5.750033908441116726e-01
2.481529934200275012e-01
-6.310515692433682489e-04
5.299064718365005255e-01
-4.894470406062376711e-01
3.976331033933517833e-01
9.829336859138273486e-01
6.800947324058521648e-01
9.102793295778666138e-01
-3.237424727728499541e-01
5.975223039307828721e-01
-4.921134439364061031e-02
-1.735654030730988673e-01
9.271931649555780197e-01
4.267586306771251614e-01
8.849589925925460676e-01
-2.169343846304945256e-01
-7.500281572762632631e-01
-9.956941340710279142e-02
-5.816845823071379318e-01
-3.019994824712606274e-01
2.041666806508888321e-01
5.712816290984763512e-01
-3.159797294448840610e-02
-8.278549996785500298e-01
6.410946535782846567e-02
-1.575992926084213153e-01
3.045055446847779734e-01
3.772256111039269388e-01
-2.674459919943881214e-01
-1.400786861580698428e-01
-9.126129606702662045e-01
5.004900462335337696e-01
-5.679083518673622155e-01
4.504983038809158291e-01
3.571740622009447197e-01
6.070177147799513673e-01
1.675574010018594517e-01
-2.736968849934278136e-01
-9.398077821295580669e-02
5.447345235036900046e-01
-9.790885661603587753e-01
9.084466321345756601e-01
4.276276086095105455e-01
8.072861624744149811e-01
-7.968876178016779388e-01
9.691832198920731223e-01
7.917129532223121657e-03
5.043798111905428705e-02
-3.311002474012361141e-01
7.997055936441046509e-01
4.292986622411532061e-02
-6.810283471220337503e-01
8.586447224863662520e-01
-6.518716305651075515e-01
6.017090219806104923e-01
9.408896925511129883e-01
-9.407143830384012695e-01
7.715331124506168425e-01
1.792766306748079241e-01
-1.523921194293842429e-01
-5.240792684759010278e-02
8.540911501229082603e-01
3.289617889360929581e-02
6.390948162147740419e-01
-9.575347022424414156e-01
3.323960335153208767e-01
-3.980038524408784362e-01
4.256958033051287948e-01
-1.395628279717420206e-02
-3.399030679070478289e-01
9.304544234489433574e-01
-6.239403808793437811e-01
7.039956980904382711e-01
6.305637220634774387e-02
8.827952762059698699e-01
-2.408743374653754543e-02
-9.555977705409164358e-01
-8.174617600403919493e-01
-2.447177630999306519e-01
-8.770944651203647080e-01
9.375346832978648237e-01
9.158801391746669296e-01
-8.074612180229385761e-01
3.300911143051841190e-01
-6.852510186413631743e-01
-5.802518354431200898e-01
9.435412693708533638e-02
6.543331827151055435e-03
-9.416331290990958003e-01
-4.090759821370637539e-03
5.940249131113473080e-01
8.503204965126192061e-01
-3.236078894877196799e-01
4.855217716008008999e-02
-6.957384172763600994e-01
-4.306179591224561509e-01
-8.733164817345415720e-01
2.669819050578663422e-01
-1.074632832926609716e-01
-3.404459896889411308e-01
9.981556461082377041e-01
8.238726775276590253e-01
-8.444597004206226831e-01
3.337448251123713572e-01
4.909798328279058044e-01
-5.467251912200812303e-01
-7.665550849395184052e-01
-9.120012834537829516e-01
-4.023493816463084016e-01
4.154712563330222874e-01
-7.503421787857018632e-01
2.306044790894683505e-01
-1.810344844713598356e-01
2.800382511754286874e-01
-9.607089737098695181e-01
4.048192563917440978e-01
-3.311328439786376254e-01
-3.774522552467833858e-01
3.162085933844449581e-01
4.837176133275138401e-01
-8.470866902758533712e-02
8.128612111871089674e-01
5.183829871312179982e-01
4.400228506742314138e-01
-6.073258187322407853e-01
-6.530159686199787927e-02
3.702058750216181693e-01
-6.931756290343926707e-03
7.055835699253973914e-01
7.874441164996008879e-01
1.704211809013149725e-01
-6.677140559563676803e-02
-1.588501165103071155e-01
9.761629344900488725e-01
-3.667543919063305236e-01
-4.843557667184996696e-01
-9.105501407767062627e-01
-4.395142390720541137e-02
-3.292242983348621088e-01
9.624144120879012387e-01
-9.172294209520439612e-01
-7.243327265814778482e-01
2.058791373492567800e-01
-1.109067975927291450e-02
-5.340289815618419755e-01
6.173540373457513386e-01
-6.413072544992088897e-01
-7.373788538331447207e-01
3.618383386598063023e-01
-6.635807211611863821e-01
-9.254516552609579616e-01
4.427029057173164084e-01
-5.674378237247472700e-01
1.210398940372121590e-01
4.348490373159856759e-01
-2.828197183322387342e-01
-9.858944189138929559e-02
7.470896013779277922e-01
7.695298833537880245e-01
-9.738978246636522673e-01
-2.622882065314564581e-01
-3.535688875395859299e-01
-6.447579110429693117e-01
-9.665513063576016695e-01
8.140617674419490246e-01
-4.898096101760263110e-02
-4.689528450369118140e-01
-2.860361621932410170e-01
6.636858338507090060e-01
6.363293676271593036e-01
-3.473300519753195204e-01
-9.527955938577565842e-01
-4.701727585579933422e-01
1.115320744218366578e-01
4.861531027631849078e-02
9.959028579672588588e-01
