8.002726560198931693e-01
-5.143087312320573368e-01
-3.869448110920674644e-01
-2.269114197444643821e-02
-9.356410610669512185e-01
-8.177513079280651631e-02
-6.152287902728861280e-01
5.497207359422877637e-01
-1.495230743376858573e-01
7.285735266053725567e-01
-7.118586908412134484e-01
5.463848081032551818e-01
2.671218590769002255e-01
8.942795052846519432e-02
-1.970500011342226632e-01
1.269432543701531912e-01
-7.363817903221934191e-01
1.801016546836231580e-01
-5.309223163213518948e-01
7.116107918668299614e-01
-9.665626697366700437e-01
1.511052279642388640e-02
6.888329003996642719e-01
2.169499098862632813e-01
8.338986799971828123e-01
7.543759577253847937e-01
-6.187298054029071182e-01
-7.559235533689021569e-01
9.154188172111952237e-01
-3.401570384363059585e-01
-9.739013172464194845e-01
-8.585996685534753592e-01
-6.790830852943379181e-01
-6.862904898202357717e-01
7.755474252428502524e-01
-4.139332662116306238e-01
2.931192812773164569e-02
3.113210694111598897e-01
4.122620798805414211e-01
-8.285854145589897080e-01
7.284971691907307090e-01
-4.823895499739982995e-01
3.113075451311504427e-01
2.451824709302181660e-01
-1.399292801130151975e-01
9.353019831633899717e-01
-9.513746301551542217e-01
1.781407048482284150e-01
-1.854424401721554982e-01
7.668037272243908298e-01
-4.927984167573018492e-01
-6.027045055642208382e-01
-2.342694535263778466e-01
-3.757508386622590013e-01
8.449185307531563716e-01
-5.685799904283197481e-01
-7.920470193231612388e-01
-5.025064262751230970e-01
2.279432580411777653e-01
2.652924654501287449e-02
-9.082651468983244936e-01
-6.747415519269210904e-01
-3.247266860981312675e-01
2.633484552388682953e-01
-1.499437467971531657e-01
-8.942259235892633384e-01
4.455259911386511007e-01
-2.168928542246340019e-01
5.197075487889208922e-01
4.747070447177170749e-02
-9.732549449811511710e-01
4.560614015566017976e-01
-7.105583993385571340e-01
-9.171060787642189016e-01
-6.541365934224836476e-01
-1.595740399412226562e-01
1.828346811580650044e-01
1.466651423642604257e-01
2.682324909113165123e-01
1.904710103908857644e-01
7.212208900383560994e-01
-4.543641681878787253e-01
2.743021380093622064e-01
-4.475359046189961720e-01
-1.975398006911650572e-01
6.250240524337449255e-01
1.715439429619425304e-01
-1.577069793123999641e-01
5.554376028947869415e-01
2.388700982443952014e-01
-5.647675205855100522e-01
-8.207133527369325776e-01
7.408985391458211556e-01
-6.960357833015784479e-01
-8.570875129351807065e-01
-3.940020156394115070e-01
-9.100475610902598600e-01
1.419971776460788870e-01
6.771971873728994673e-01
9.546101857591178241e-01
3.185912344306698341e-01
-1.894304863473124101e-01
6.424634751872522198e-01
-7.468805678591146080e-01
2.362310853009417233e-01
5.681707694211168835e-01
-5.502521370558939307e-01
9.525359211485737720e-01
2.514199089120547903e-01
-6.199212220606429291e-01
-4.043410386274899349e-01
-3.612404936243704956e-01
7.665145222209912568e-01
2.397971710570456771e-01
-8.308503745195878754e-01
-5.326934908562104276e-01
-6.531551307735992129e-01
-4.474696823833312909e-01
3.262080387405477122e-01
5.701982706589168171e-01
-7.493422662461888262e-01
6.437744054695193618e-01
1.781194661518472611e-01
-8.336517441521409388e-01
8.888007534591340075e-01
4.470074813069386810e-01
-6.873564003748811047e-02
-6.963890623928976620e-01
9.766580742849750862e-02
-6.356794930514810815e-01
1.509502859921572071e-01
-4.853279938652121928e-01
2.891161917444229346e-02
8.799629683660903368e-02
-2.585198853226433613e-01
5.727659951305341668e-01
4.031131922195771988e-01
-2.432213667322176143e-01
6.354856664405770239e-01
-7.337352290164769197e-01
4.224301534061978280e-01
-2.398045879341026421e-01
-4.916727563723468641e-01
8.115056419792239240e-01
-7.713449459340981917e-02
2.725626927918818332e-01
-2.731906707591802430e-02
-4.514204228958882403e-01
-1.130334774685224364e-01
-2.247191837894411126e-01
-6.782680789713206870e-01
5.646487994202666894e-01
-4.027410285871280138e-01
3.811803629086025769e-01
7.346945385501750803e-01
9.883800834719800310e-01
4.758959332834022948e-01
7.334975993812657968e-01
-7.087463983672506185e-01
3.034080332545110448e-01
7.640106027165978198e-01
2.315534226401059215e-01
-8.289818892358173930e-01
-4.366351366129543887e-01
-2.044789290483797206e-01
-5.938795213549443730e-01
-6.625872386253901514e-01
-3.949227914714050769e-01
2.026848454371834585e-01
-2.370763133071465134e-01
1.599371346837363816e-02
-5.478344737085438787e-01
-2.790751934029578329e-02
5.195109086385969466e-01
-6.770592591551574113e-01
-9.958298017867108776e-01
-6.815330635922542957e-01
-8.159281965834273009e-01
5.012099385910790961e-01
5.247765702206101945e-01
4.762832793966322864e-01
-6.014506716054375257e-01
3.329065560743524887e-01
7.470011985194691118e-01
-4.912012294079803887e-01
9.070460699339162325e-01
2.886574944712279045e-01
2.316080613210536043e-02
-3.537550209549393809e-01
-7.192979419901524007e-01
-9.562977954626861177e-01
-9.976264259314020499e-01
-7.261083341423197890e-01
-9.589010161563944479e-01
-4.412678958826692366e-01
1.983827209926916080e-01
-9.749416509155992561e-01
-7.805967699183700148e-01
2.786442217680684674e-01
-4.847942510074345623e-01
-1.015892688531385701e-01
1.228021784778554615e-01
1.892863564151219258e-01
-5.151492835955169269e-01
-7.070796780270116599e-02
3.892528527972003438e-01
-8.272840681087556547e-02
-7.898554834658511048e-02
3.915535914826699937e-01
3.411487813636830957e-01
-4.341437324972226008e-01
-5.089820026133606845e-01
8.391598852694976962e-01
-4.069370280698345610e-01
-2.131906825699088071e-01
-6.338566807218020127e-01
4.771341491215617125e-01
-3.266325379788883598e-01
2.481783885046389138e-01
9.611631885955422838e-01
-3.142987806834751652e-01
2.480382252373505292e-01
-1.937667779538450041e-01
3.686885319727146726e-01
9.725017141997938097e-01
-2.736648867858797463e-01
-5.196942545079266118e-01
-3.993467644993955457e-01
3.653555237051899773e-01
5.461424971435853148e-01
-8.521339218676886595e-01
-5.246538947753187632e-01
-6.067513545628953064e-01
-3.651688570530082778e-01
3.554008368298640086e-01
-6.637070341595683320e-01
8.437040993926594457e-01
2.688045724486101129e-01
4.166611022173825063e-01
4.811015897690773535e-02
-2.874936845728839341e-01
-3.021206082433052220e-01
-3.263847517330129566e-01
2.238063347133656400e-01
-3.123243792108458816e-01
-1.516108033052212534e-01
7.769815305024030394e-01
-2.019967677513043736e-01
4.481228649476700632e-01
3.119715809190997113e-01
-6.105258140823688340e-01
1.624755135319069232e-01
-8.510705751512821493e-01
8.693612864115993766e-01
-8.738170827057381018e-01
6.448308505806390478e-01
1.354714652653232765e-01
9.965401694015898482e-01
-2.396423663917512936e-01
4.258709922944441395e-01
-3.140683311297807201e-01
4.431641038096696406e-01
1.817105279873574286e-01
4.013273210037830996e-01
-6.917800491136618657e-01
