-9.437226659775510562e-02
-9.500511117969034913e-01
5.285727247001434925e-01
2.903568435005809967e-01
2.880242781186930223e-01
8.834880658894785910e-01
7.509915595217593332e-01
-1.029298680933321553e-01
-6.224917762796744469e-02
6.680675367370392248e-01
4.171394121227698371e-01
1.021678777431622720e-01
-3.284881211982819682e-01
9.772086353816178406e-01
-6.952452174286318787e-01
4.274086140249466759e-01
-6.993457905023268140e-01
8.958099136448738342e-01
3.881339373576730978e-02
6.259320425184704551e-01
-7.045130135274246808e-01
-3.091527791453831941e-01
8.922344611947170545e-01
6.019872855096435327e-01
7.523234171015165117e-01
-6.097526416948799710e-01
-8.848645695330505934e-01
-6.590421205775416347e-01
-4.038010663593789573e-01
1.535028330363268356e-01
8.022291236630552103e-01
9.634983412098403477e-01
2.716631796712134506e-01
-2.972375539791594079e-01
-5.943422993521261244e-01
6.908915936984607598e-01
3.771339580645001188e-01
1.502351452361740947e-01
-4.999829778218987109e-01
7.007186786544403745e-01
-1.290567281972734293e-01
-3.286360125240901375e-01
9.540691970871728600e-01
7.890269644990706155e-01
-2.386558359352277670e-01
-6.148383635865961594e-01
7.650417771729278726e-02
-5.995860703912900824e-01
-2.121286373639206246e-01
3.543268188135004770e-01
6.306879748174814004e-01
1.534805548561339883e-01
-4.280006103532585371e-02
7.202875792119192155e-01
-7.626586941579227563e-01
-7.639199374125307251e-01
9.813006909166275271e-01
-7.200612716133192315e-02
8.876515783280225502e-01
-4.829329091780305561e-01
9.854776548684196502e-01
5.567765172813368135e-01
2.889305938087183279e-02
9.831802595640897202e-01
7.967897606435487834e-01
-4.979448492223532696e-01
8.872118089396252572e-02
-2.893484488845432523e-01
-9.654532467049175004e-01
8.148319508992794002e-01
7.427054886193746874e-01
5.596451416241832177e-02
3.013778239942426218e-01
-6.868325241297779105e-01
-7.991956022067887577e-01
9.561388084778779106e-01
8.947509184295843188e-01
-1.041070310056009252e-01
7.860044364726599397e-01
-6.652965679490725481e-01
-3.420301352493646529e-01
-5.544334477626893243e-01
-1.545912631347270416e-01
3.843946355130796189e-01
5.863171654577703507e-01
7.302682573684089462e-01
-7.353946617536550878e-01
1.560785625262264276e-01
6.602728622538309722e-01
-7.659371191580020000e-01
5.298085028438137556e-02
3.383953350663237991e-02
-8.388058035562302450e-01
4.812091032885839059e-01
-9.939564772897810929e-01
-2.547081733362221989e-01
6.349725069195897298e-01
-4.576498003106894696e-01
4.783323058343433853e-01
-8.533525725945703133e-01
5.945834790187953800e-02
5.812019198138800302e-01
9.380724713801349424e-01
9.423675380095002385e-01
1.471766837128476446e-01
-2.383754265266593286e-01
-6.882326858755178911e-01
-1.016150766357653001e-01
3.518591497249068389e-01
-4.229840567772560345e-01
-6.174684525601108476e-01
-1.396011384428312851e-01
-5.984382545038497980e-01
6.755890997728581926e-01
-5.468200272914924831e-02
-1.237333918965610735e-01
-3.444418027403519655e-01
6.963080475995453433e-01
-9.750172779137622481e-01
-5.861709540190747081e-01
-3.339186319920903756e-01
-9.308638152943411459e-01
-7.794622294833641885e-01
6.954189198963813823e-01
8.067604667571839361e-01
-1.764072467667427979e-01
2.738918367485370098e-01
-9.815194409779079976e-01
1.001492774807566377e-01
-4.383186391938220794e-01
-8.414815599646463529e-01
-6.980458812828691517e-01
-3.859811672941582117e-02
5.747962695500241637e-01
9.228735926624180852e-01
-5.911715910497998827e-01
-4.900696958349355370e-01
3.417405939703876960e-02
-1.195062342942931899e-02
5.633142476366415075e-02
9.650950476640405284e-01
-3.056570783037066974e-01
2.301447689903435290e-02
-9.154102885783033106e-01
-2.033188748687664305e-01
-3.383808803116650221e-01
-3.258271655329478822e-01
5.434864104499672610e-01
9.775333588379326866e-01
3.008942358423982721e-01
5.460659800895117932e-01
7.547363005687901527e-02
-4.641201064286630817e-01
9.414506925228833811e-01
5.788214381553147270e-02
6.719962747942722636e-01
2.889824128233182687e-01
-5.052707082210632361e-01
-8.250963887096194327e-01
-6.410334421116770098e-01
3.346474333364806153e-01
2.716846473566911779e-01
-8.382560191732881805e-01
7.875812649226134887e-01
3.791410772916958827e-01
4.180804301399978495e-01
5.682516748457568934e-01
9.836852535935349806e-01
-4.222200329339953484e-01
-6.807812011451974676e-01
-1.488521354430314414e-01
1.442116150540293518e-01
6.520276828776938594e-02
6.176849182485366629e-01
3.758966270829242617e-01
7.736723856620342232e-01
8.503955252912418494e-01
6.679288860192298394e-01
4.411561601722522319e-01
7.142628085680795547e-01
4.121253754168123784e-01
-3.926821751322799869e-01
8.531300060947668573e-01
-5.146419468718033130e-01
-5.334825954559982986e-01
4.139227823709581422e-01
5.909026950075446649e-03
9.003279086329891712e-01
-6.106194898564192286e-01
-8.492766198739687411e-02
1.914090936128443055e-01
-1.210933910630782595e-01
6.930305769883970957e-01
5.424959542549563363e-01
-5.399718793312118237e-01
-3.356855516697077046e-01
5.445939010209750464e-01
-7.068535889923994731e-01
-3.122379568232205305e-01
4.039347036660931867e-01
-3.336901524594224622e-01
7.172627017778174796e-01
-6.326756384200120653e-01
-1.243601427300227158e-01
8.931884166876735698e-01
-6.526247753901026627e-01
2.956203948330813347e-01
7.725589921536959448e-01
-5.335190003220731114e-01
-5.735837424441974086e-01
3.875445386266260783e-01
-6.038055171901710594e-01
3.694392184331851681e-01
-9.618505056218664695e-01
-4.677499813539669482e-01
1.694482497590970027e-01
-9.749813580172188576e-01
9.352600094153824539e-01
-7.878850261637302399e-01
-7.349137077302219101e-01
-7.114882821505847943e-01
-9.124291394872596772e-01
-2.224634394375555324e-01
-4.856202607540376359e-01
-2.907465296182849546e-01
-5.435434509998924302e-01
2.023766364758123881e-01
6.312669107169412985e-01
7.262863016644807157e-01
2.226454606787455770e-01
4.270251937707514323e-02
-4.441885975549522136e-01
6.793817510731818832e-01
9.806089112443623357e-01
6.327978893788879233e-01
-1.607527465038256498e-01
-9.404808834500921755e-01
-2.222010363916373521e-01
8.387707256321463856e-01
-4.229923118008096505e-01
-1.959607975560782034e-01
-8.533682653124143869e-01
-7.996529405387557965e-01
4.141327528752496434e-01
3.075052136220710608e-01
-7.278917234269568493e-01
-1.067105961641796608e-01
4.383992735928810003e-01
-5.274834765268245906e-01
3.917751724571272298e-02
7.223880207562027866e-01
7.793997674631658601e-01
7.281869075505746913e-01
8.808068890442162235e-01
-8.748411642432936119e-01
-9.091054888633913755e-01
-5.115871966999301357e-01
7.879840228988750361e-01
3.061077986374725057e-01
-7.048512371052486625e-01
-8.504725479857058179e-01
8.256203102486969758e-01
9.291472785629308895e-01
-5.678541143493851528e-01
1.978340229584318877e-02
