-7.962052092183784513e-01
-5.186381710453351612e-01
-4.878566906258565705e-01
-2.597107400368858787e-01
-7.817785715527667545e-01
4.333693042341832946e-01
-3.543395992129327876e-01
-8.882675917021158885e-01
-9.413640115171071354e-01
-2.029985996500200951e-01
-9.869917005389527986e-03
9.755224574446368369e-01
5.548020834983784511e-01
-3.796892902660520264e-01
-7.335523730077435633e-01
-8.003594399519580183e-01
9.099741258624309825e-01
-4.759099121058447679e-01
-3.590088334562915318e-01
8.470091524834912899e-01
-6.410116187771424112e-01
3.768141523816748162e-02
-1.844861797554182559e-01
6.547139081428072771e-01
3.037215321578363714e-01
4.676226830073777485e-01
8.186012695117459437e-01
-8.586395455261126575e-01
5.215562773501725147e-02
-6.928709490104321134e-01
-7.267621436970321813e-01
-7.226291231159613915e-01
8.156230701083246881e-01
3.479488513312789522e-01
2.930056301567636190e-01
4.395280337310563112e-01
-3.924358596949844014e-01
-4.982155506859757832e-01
-5.045928968899211498e-01
-6.687499149117945851e-01
-5.992030608362421962e-01
-1.839671503518782725e-01
9.686064036737254135e-01
-3.194518089920237447e-01
4.645655652754803189e-01
-8.531115663456045883e-01
-7.342362621162945580e-01
5.757518896032223221e-01
5.727233640773681245e-01
-9.898205341677210889e-01
3.439731171959106160e-01
-8.931742845360204353e-01
7.036582538510030016e-01
1.575028583624931144e-01
2.271982148392726053e-02
1.877589751209711721e-01
7.984951266574065176e-01
-7.288732408535438800e-01
-2.309852362521067626e-01
-8.132452914014332013e-01
-5.172329611658250670e-01
4.053034279448961552e-01
-7.758121605260168696e-01
-1.072515923630474877e-01
-6.041901419095450088e-01
7.711674068757434775e-02
8.688963991681866172e-01
3.037296965061095921e-01
-5.791580704695988846e-01
-9.101419374266725981e-01
-4.512178475228556529e-01
5.717448983849204858e-01
-7.167214310967471302e-01
1.899417726207328627e-01
8.401655918990429406e-01
1.035156076446908102e-02
1.633332588400722152e-01
2.854204847808909928e-01
-4.922608322310508822e-01
6.884308452261804767e-01
6.027638759513909150e-02
-5.096140273834715018e-01
-6.873343386170043257e-01
-9.752624493969710429e-01
3.223272804999566254e-02
2.412492584443328703e-01
6.451895368478444137e-01
5.195947891398695617e-01
-1.473489550652995472e-01
9.572185573227609545e-01
-2.909605682345119959e-01
-1.604428839846501198e-01
9.061173599438452353e-01
-4.486842831113451169e-01
1.217567797346577052e-01
2.790165393646026892e-01
-2.466296695692471452e-02
7.102089071498269846e-01
3.998138045243260219e-01
4.028902714357855963e-01
-7.696796362524986890e-01
-4.489681593309180485e-02
6.246695987711261555e-01
1.182888823170200610e-01
1.996947257704995149e-01
2.871279957578487529e-01
5.921189156084147864e-01
8.183048608005800695e-01
3.311364643910077454e-01
-2.378128898181584017e-01
-3.633223517693271454e-01
-7.288202626242581417e-01
-1.458335793120331125e-01
2.307719198126807481e-01
-5.668237626124961182e-02
-6.684162248133656004e-01
-8.984525612581149012e-01
7.478247000099134123e-01
7.994489954228181094e-01
9.764884995305411763e-01
-9.415935176753940095e-01
1.527936252277739548e-01
-8.358495775855570020e-01
-8.829919225159459373e-01
-8.921132332268997267e-01
9.223390206210624331e-01
-2.103503829952435566e-01
6.214014165818069202e-01
-1.662327268883065923e-01
3.097381200901259124e-01
9.962562134716015372e-01
9.124292828863607152e-01
1.566857195964184157e-01
3.665093262755050318e-01
-6.308707219517906140e-01
-2.975736654537053383e-01
5.047825941277310768e-01
-9.187762664462337803e-01
1.058300926447728330e-01
-4.430978204113100727e-01
1.117724369364754278e-01
1.887290770797911410e-01
6.222201909267885966e-01
2.646651722244734994e-01
-5.132260637730099440e-01
7.021413534679155077e-02
6.462025197346796812e-01
2.505493266503411309e-01
8.974613545920246960e-01
-8.859132173844823654e-01
1.474182801297274636e-02
6.472963388773584903e-01
-8.048271070584522846e-02
3.862197627375618669e-01
9.259556548487082317e-01
7.920797785673938662e-01
9.147728348172972090e-01
1.368168257347310846e-01
-8.353237506253212707e-01
-4.072050408965921520e-01
-5.559353595732285935e-01
-3.609648383186543352e-01
3.315187129294436819e-01
-7.194147615953561115e-01
9.463078528081136920e-01
-4.201532290364617950e-02
-6.740604201178914678e-01
-4.515385540777632212e-01
-1.096112107847195816e-01
9.808684748515972274e-02
5.487403822599508096e-01
7.652930966784927680e-01
1.927713803999986375e-02
1.312298713217585622e-02
-4.275485944989076970e-01
-7.729528589877163736e-01
2.305932536136936495e-01
5.986238913385892868e-01
-6.928966001460898916e-01
-3.362048946991471610e-01
3.332459160059428882e-01
-9.362302243111910727e-01
9.213380972689584336e-01
7.813443412993836823e-02
-1.619594363758378730e-01
9.584455505107514206e-01
8.981282316361840490e-01
6.492206825514004187e-01
-1.137148119966295834e-01
-9.885913930743597255e-01
8.516746454364416685e-01
9.645288214971974305e-01
3.115896835984974800e-01
-7.707767283238313727e-01
5.201753923575838101e-01
6.536005778181939174e-01
-8.396506105290302280e-01
-7.478599387141240395e-01
-4.007422674154792475e-01
-7.401077357281704572e-01
6.506870007811760281e-01
-9.511813723831537004e-01
-4.903916564488388641e-01
8.371707393164056210e-01
9.509100708833417848e-02
-6.752434880646649429e-01
-4.433197968893181073e-01
-3.372747660091619526e-01
8.851651252755838861e-01
3.745103680603638630e-01
-1.750148009823964124e-01
-7.187119699161430564e-01
4.490858781288549206e-01
-9.379983792602091253e-01
-3.349339639508408517e-02
6.193176528452630780e-01
-6.417222133383448934e-02
-9.943243742152985121e-02
-4.557400708271808210e-01
-3.664277344253659141e-01
-4.584374958383792276e-01
-9.310674516854020588e-01
6.899117811259845023e-01
3.828227503717669400e-01
-2.904912699684820687e-01
2.034113248824804820e-01
-5.384350553149004348e-01
8.647985478852773245e-01
9.987891453277286669e-01
-8.944189056662474879e-01
4.970407488039498833e-01
-3.074032325700908341e-01
5.233246987145978579e-02
7.212721547205935835e-01
7.525417915362551113e-01
-9.869391908542044511e-01
-4.954139825812167164e-01
3.446144039181975316e-03
2.657042468041725947e-02
-4.256254282470444128e-01
2.062284307360564561e-01
-4.612533146943209594e-02
7.927903068345609761e-02
9.023750207355492048e-01
4.664314045213664439e-01
-1.537256887356419632e-01
8.265972307424458432e-01
-3.907804583907934504e-01
-6.953741418469545632e-01
9.948840304180848193e-01
-2.428830371236783137e-01
7.425264798245285736e-01
6.072099882375505686e-01
-3.120407231665154324e-01
4.007696856989237943e-01
-9.790014299206244441e-01
-5.985248566820040583e-01
4.647440900458010837e-01
9.048970579973005801e-01
6.156011785081898502e-01
9.758273459458410848e-01
-9.503211718220987425e-01
2.597659250053783175e-01
2.242072085777169210e-01
-7.153438926065482928e-01
