8.510584828865472851e-01
-4.206394796432921801e-01
6.162432938649220482e-02
-3.251668250358430434e-02
-1.180540332911306223e-01
5.140854266081491541e-01
8.542731002139385410e-01
4.726596552143058627e-01
-8.829294561999261326e-01
7.589126409409607810e-01
9.711206944066688163e-01
8.923107015291087407e-02
-3.293702547897039423e-01
-1.042503347573142669e-01
6.632322841588156326e-01
-5.621992269325242209e-01
-9.206634287617267987e-01
-6.050204935806966500e-01
-1.555820804491487852e-01
-6.269216997920130652e-01
-5.935861577822532098e-02
-8.786359287731153600e-01
-1.895889970115798295e-01
9.240812505581466052e-01
6.147303704721698292e-01
-5.852750458874669270e-01
-6.237545156390413847e-01
-7.522407155951083002e-01
-1.192436144780149032e-01
-7.839755559822676467e-01
-2.112518464437784793e-01
-7.498722581898977779e-01
2.228597970381971383e-01
2.461098384280593354e-01
9.423230793171193387e-01
2.705897991803911662e-01
-1.640768771240330715e-01
9.480894456578141671e-01
-9.018724949001435398e-01
-7.754548940549803593e-01
-5.213853481648798027e-01
7.821279879001230562e-01
-8.069539611334208828e-01
3.686289105693392187e-01
7.706315885214312100e-01
2.909344152286759133e-01
2.884684128730825581e-01
9.471246280881717716e-01
-9.293467700674766796e-01
7.181744032249923748e-01
-8.955610970650993430e-01
3.319386909049828471e-01
-5.327933258834198771e-01
-3.293272708091414813e-01
1.143737956474524253e-01
8.339641216173632188e-02
3.523296399431694592e-01
6.977004015644698853e-01
-1.376316685372598325e-01
-6.088834250399572934e-01
-5.031076776177312304e-02
2.604299055147059061e-01
-1.033450645661617706e-01
4.216744846947855230e-01
-9.744841329044047207e-01
-8.226726835534217130e-01
-8.676704006216571230e-01
-5.034444694372905982e-01
-7.552177809266462649e-01
-2.512726912584084538e-01
-2.170694139095377118e-01
-3.741147080532332136e-01
8.989266614585991189e-01
7.752694155349653116e-01
-7.487278294576602544e-01
-6.710449886729754621e-01
-7.609655408559696799e-01
-9.455593043011643051e-01
8.975639316152699276e-01
-2.675168416678859185e-01
-8.319277994780558405e-01
-3.463319838141312168e-01
9.374006166679293983e-01
6.992772777920184257e-01
-7.515443747189709534e-02
-3.254890421561134062e-01
-5.136364028806290616e-01
-4.487478088170209212e-01
1.615700228223613255e-01
-4.832030580663544406e-01
-6.589470247849236184e-01
-1.889870937031727927e-01
7.276660230215330483e-01
-1.636248171465417567e-01
5.990982376960209965e-01
7.459785289781917239e-01
-7.713632191523336346e-01
-3.176557179470000936e-01
2.143655530169579215e-01
-4.765907523343315688e-01
-2.312382757257123167e-01
5.672139045645616662e-01
-7.092686896035966804e-01
1.953489313908409741e-01
9.510919789027161286e-02
-1.532209565713720245e-01
-9.057911954950226274e-02
8.438730485215495403e-01
-8.890061870892758122e-01
3.763743428858383755e-01
-9.470214379412555950e-01
6.288873141827973079e-01
-1.401149523168727651e-01
7.316767888230535366e-01
-4.704250133977436743e-01
4.347021097131142930e-01
-8.092989170617870265e-01
4.788772814432147307e-01
-4.001654311048026269e-01
-3.458863479039875344e-01
6.872746755306504696e-01
2.059112258230613168e-01
6.322402465644298974e-01
-5.931987796936004642e-01
7.564156573212148515e-01
-1.827788715882707749e-01
-2.135707105998692068e-01
3.898997084839790350e-01
-1.037760999189403233e-01
2.786389160855482494e-01
-1.361696496663407085e-01
2.064503679051927776e-01
2.608230080994660138e-01
6.444695662644406298e-01
-3.206646344003563076e-01
5.816659170373876808e-01
6.620676406116068335e-01
2.700924009326721720e-01
5.812352979534691766e-01
2.688758890720821526e-01
4.877671470792919184e-01
-8.279543620179863339e-02
-3.696765570202811269e-01
-1.047615795591860799e-01
8.220148189561975460e-01
7.098532799076815447e-01
7.130868058742532156e-01
5.276647301828876202e-01
2.531699699493172862e-01
-2.525950846406543882e-02
-5.444369104603339338e-01
-6.283545459751893603e-02
6.839703543565869293e-01
-9.205018389446948390e-01
-6.240468368077287664e-01
9.701262993238335408e-01
-8.485373315420063900e-01
1.868925438184827481e-01
7.518667992708782943e-01
5.943271807574561638e-01
3.709138308499106973e-01
-5.945343339692661377e-01
-9.049626691031671388e-01
-9.924573572716919312e-01
4.315762870494483927e-01
-3.487225521419017316e-01
3.778340682161136499e-01
3.876235229700575324e-02
-1.853746664071824757e-01
-9.764801899473118940e-01
5.876393323833473126e-01
3.679608165170604739e-01
4.536126599314729280e-01
-4.791157129868328646e-02
3.886910696145442490e-01
-5.153033998815730321e-01
-8.225172044290964823e-01
-7.743961517618758172e-01
2.022926993322213818e-01
4.554694728785022573e-01
-2.645795601838085709e-01
1.424273858300977302e-01
2.936548152417550739e-02
-8.923167644172047552e-01
2.168715145867932126e-01
-9.877187375671814262e-01
-5.465034040240532853e-01
6.176072744527134617e-01
-3.833570870219906723e-01
1.475405285828976787e-01
1.764731251390152522e-01
2.043605668403678521e-01
-2.778246111747626479e-01
9.196825205080063625e-01
9.038156304475881697e-01
-4.447051876864436259e-01
-4.835513666165562885e-01
-6.217132914910867836e-01
-3.001757430136766658e-01
3.331824955713338365e-01
2.121258292094885256e-02
-1.167793088796353906e-01
-4.485041179577176074e-02
3.093551642073135710e-01
-4.011805835043735780e-01
7.862032622056487341e-01
-8.743606670583639051e-01
-6.047849964378744225e-01
5.851271090918608309e-02
3.774746077698376556e-01
-8.741511710117275680e-01
-5.478246707933791537e-01
-3.568725438458095756e-01
9.769466280219447629e-01
-4.237146809390193170e-01
8.642712796678977405e-01
-6.391553693152187687e-01
-5.913585028778078900e-01
-3.656459738024755435e-01
-1.717328468477932191e-01
1.104273854000050736e-01
7.151346293120499631e-01
-2.454783006931686717e-01
-9.380164971497644277e-01
2.362447297363885479e-01
3.468218670013738514e-01
-3.633338244416359775e-01
-1.371338700336521832e-02
-9.394400060224605831e-02
-8.197378372277319691e-02
4.623324627111284890e-01
8.602669554327526669e-01
-3.305720976917214671e-01
2.141879332927882906e-01
-6.182815505247778454e-01
5.095958037564558563e-01
5.131278362362632350e-01
-8.765497711718459595e-01
6.441913725710899374e-01
-1.321289267781955434e-01
-3.561959145481230493e-01
9.351538241360319859e-01
-8.265577926105602824e-01
9.280027883847838943e-01
-3.677371635581372367e-01
-4.921776535818138676e-01
4.024217884070413476e-01
-9.172155288113998939e-01
4.805339733664477642e-01
9.293836440379970032e-01
-9.849434231877391976e-01
-3.456544539180999021e-01
-8.824304967060030425e-01
7.751744076710000986e-01
-5.849242673101704426e-01
-7.065041148806145976e-01
5.746393402751719393e-01
3.309775716381135879e-01
2.904340709442732038e-01
-8.866699996941493911e-01
7.418342588045896413e-01
-6.055736850059445509e-01
7.953191940228703238e-01
4.370402061276656980e-02
-2.226621669173611817e-01
