1.466227427677837536e-01
-1.921701773256032642e-01
-6.701863678956383463e-01
-6.599653304150123745e-01
9.973822067267963387e-01
-8.021118292132047856e-01
-8.544421147500003144e-01
5.334542212903989888e-01
-5.265075252119366667e-01
-7.024734613348622148e-01
1.709098323088018567e-01
5.617879095861517680e-01
-9.561081494725549579e-01
-9.490818210309832637e-01
1.294604315288780949e-01
-8.995118194181010995e-01
-5.874573472333142199e-01
-6.252867332701603775e-01
1.609631989338333735e-01
6.330761840802225926e-01
-6.436005592062767899e-01
3.256852161430121573e-01
-6.521893511685752376e-01
7.782652873406836758e-01
-7.872881171820953483e-01
8.479870723504925323e-01
-5.169132772575202317e-01
-8.291127265542730385e-02
-7.807534988416178212e-01
7.482948729196237103e-01
3.640402126779160863e-01
-2.810426958568301714e-02
-3.416213614038732249e-01
-2.142666405405990737e-02
6.751146566304853103e-01
2.764808138689631711e-01
-9.562547430596914921e-01
4.762403278019262665e-01
-4.230990729500363479e-01
6.903566634822688730e-01
7.916503260693743549e-01
8.267720080811671313e-01
-6.167963853902476146e-01
-5.200945524124442887e-01
-8.595147996738983220e-01
-6.979507335096439835e-01
1.671469325092416192e-01
7.534434276474073489e-01
5.590877340408277885e-01
2.644304195329016949e-01
8.687825287915751371e-01
8.934045362535634194e-01
-3.185346853612458506e-01
-5.368087206697678138e-01
4.638283212779665821e-01
-4.898489074805458809e-01
-3.153431185856077068e-01
3.515865587385695878e-01
9.853108336974170101e-01
-4.913368837348244256e-01
7.735767961322679298e-01
-5.352059877077648409e-01
2.692370614527428430e-03
-1.495888488769376856e-01
-7.116374734496775378e-01
-8.072519940764311119e-01
4.364611496709696059e-01
3.623554571127625135e-01
9.314175539929701042e-01
4.567721696590512082e-01
-4.816567635412440929e-01
6.836502361125220695e-01
-4.320060571088251145e-01
5.685737133445496472e-01
9.259459359928623456e-01
-6.925122067711271256e-01
-4.983227775577336871e-01
-1.911824567887328019e-01
6.278122107408865560e-01
9.815526254448450061e-01
4.030817158898281072e-02
7.385227691520577231e-01
8.334551045425766524e-01
8.835110362474662971e-02
-6.340517746389171538e-01
-4.060371061168386309e-01
7.299652253748822872e-02
-2.351695404695908209e-01
4.466700666498604200e-01
2.273352548728877487e-01
8.164630569782289626e-01
-7.019934871613136007e-01
-5.055260985257092887e-01
3.919073205804883830e-01
-5.726431937099927261e-01
6.274186130710597276e-01
-8.751825934177128730e-01
8.410319395317735758e-01
-8.386581262992860442e-01
-8.662277573225332095e-01
5.504510515432021744e-01
7.423126797046555314e-01
-4.314624977225549607e-01
2.666185502838833710e-01
6.716621800230091477e-01
-8.370268752748155627e-01
8.883870953261501224e-01
9.269599184531946978e-01
8.587028593983603297e-01
3.285550645568888761e-01
9.938766457499110807e-01
-6.772968395786540530e-01
-4.999968801891403469e-01
6.266653425266528465e-01
4.409274778497767056e-01
-8.546436432326212085e-01
-8.287881155456187088e-01
-5.971178744224421298e-01
5.244587963726052848e-01
-2.130656847754330840e-02
-8.334258680439599054e-01
-7.380005128355360267e-01
-9.012480316724715834e-01
-4.602723820908671826e-02
-6.581666009649482785e-01
-9.112860794630945893e-01
-1.419603094568788748e-01
5.711419382452356253e-01
-1.257352876300066313e-02
9.669160747113547671e-03
-7.103372033036712274e-01
1.172198945929463498e-01
-8.572984961649603441e-01
8.200787662506630049e-01
1.360804501431924773e-01
1.687767018907870842e-02
2.429463106349576407e-01
1.911870818196772515e-01
-9.158610396573945156e-01
-1.739124638511495569e-01
1.673372994096440358e-01
-8.059969003978459945e-01
-7.989386674704872515e-01
6.999704330986074030e-01
3.503492319462941929e-01
7.479590071024699860e-02
9.345931245928129627e-01
-2.905872548456709392e-01
-8.507112772930263134e-01
5.179386799670422370e-01
6.659969245067751675e-01
-5.329794520589969942e-02
9.533436410727513799e-01
-7.957736608538505951e-01
1.720345637106190928e-01
-5.225076213496739896e-01
2.340165927409620927e-02
-2.841325614486251983e-01
-6.391887804476317214e-01
-2.222383265358371940e-01
-8.515805455570357729e-02
-4.308476495830855235e-01
-1.110464702772964163e-01
-6.868467713811639008e-01
-6.254082177950499588e-01
-1.404683332960043884e-02
9.369206344591849422e-01
-6.801094263483757896e-01
-9.653534642759629136e-01
4.151924556224855234e-01
8.393954132187213535e-01
4.311410323977917791e-01
5.807695527655831746e-02
-6.688428188583490641e-01
-9.706361961204468258e-01
6.508159119592760167e-01
7.147632428469057331e-01
8.810050874194887971e-01
-4.893214448109626247e-01
-7.087670858870473989e-01
-7.800835762951214836e-01
6.462530037971372376e-01
-1.071174548626663281e-01
4.125045212022873109e-01
7.703556223304492967e-01
-7.804822828129969192e-01
2.864846896453159264e-01
6.538423061442468764e-01
-5.543180054612062424e-01
2.103162169608219223e-02
8.534036723082520925e-01
4.423342293103327272e-02
-7.849023849476777226e-01
1.474955303546741092e-01
-1.367432792360241400e-01
-1.031345891296091555e-01
-5.007029215382667875e-01
2.470496787047549159e-01
-1.177486423526206138e-01
-8.547419794446124985e-01
8.655014067040944781e-01
-5.536400810590449417e-01
5.106447088989878313e-01
-1.875754360810690802e-01
7.088581372280466919e-01
-5.613888286034629527e-01
2.344176697301352252e-01
-4.000052592971634624e-01
1.866584307647847218e-01
1.064517875583164130e-01
-7.613892861708704274e-02
-6.389977997839515478e-01
5.454408372049339704e-01
-2.175122408190164336e-01
1.031535134567571621e-01
-4.665621595859579251e-01
8.877650352139012657e-01
1.892912705571847543e-01
-3.202349514951878806e-01
-6.281597539844565592e-01
-4.144475887147838211e-01
-5.924414500435322140e-01
8.919599043635555446e-01
9.898487000396565261e-01
-1.871771543945832672e-01
-9.701390579799153979e-01
-4.619693756228839820e-01
-3.206274306937952900e-01
1.202323030838943207e-01
7.717602581467344347e-01
-9.023606898230005502e-01
9.125131030218927020e-01
-3.780290050966215176e-01
4.888841557772003465e-01
7.734899438843936270e-01
-2.580824470677904880e-01
-5.198918380249493154e-01
-5.301819444163395900e-01
6.767858397105026569e-01
3.405067222599045262e-01
9.892964914307686985e-01
-7.656498408255547616e-01
-8.546546131178300865e-01
5.761736761418334574e-01
-5.976694741972570224e-01
-7.979192690115566311e-01
9.077000067961953356e-01
5.977211763421859114e-01
6.128971141772570075e-01
-1.305648647455208700e-01
-2.183160761946401074e-02
-4.515489852546883398e-01
-6.947894917777672763e-01
9.485142161821509266e-01
-2.767562101119969142e-01
-1.843689059477002790e-01
-7.994463489438912163e-01
-9.903501195838655402e-01
-9.110836529379229276e-02
-3.097566469339709805e-01
1.708778783622033615e-01
-6.342820306979419787e-01
-2.862670198591525939e-01
5.953594392191388085e-01
7.599740144979458822e-01
