-5.742478039314653504e-01
5.009045714859408083e-01
4.986659976573468711e-01
5.523741710739424882e-01
-2.978925271019567944e-01
-3.977774571662424652e-01
-4.472059755291617478e-01
-1.028016555607558224e-01
-7.121174544267550033e-02
-8.861116782445412898e-01
-1.585949823278689497e-01
2.926667629036090457e-01
1.987744451548409952e-01
-9.892589813137167010e-01
1.968267470147111453e-02
4.888572027623760974e-02
-5.535760230756883171e-01
7.000604896841875480e-01
8.087560163839744298e-01
-9.115672272870742887e-01
9.524585461649630602e-01
-2.831314701475182716e-01
4.386667157711503506e-01
-2.898952915802393004e-01
-9.309745814237788686e-01
8.866628909584071128e-01
-5.695957474990342995e-01
-4.567153026652333025e-01
-8.046230424834845962e-01
-7.185791054185264315e-03
5.279318831252244326e-01
-9.098092212130266532e-01
6.584451585686785791e-01
-3.907961146761373961e-02
-2.599835280729645426e-01
-5.875288878244313562e-01
5.918356056970390799e-01
-6.562967334490084070e-01
1.391749193423410524e-01
4.823304182127392536e-01
3.680417426134074965e-01
-2.309191080465162749e-01
-8.096100598238826773e-01
-7.535870388408660858e-02
4.355990463715690986e-01
-9.665179943739692359e-01
-6.562655335857399130e-01
1.546496741715297496e-02
7.069595232751173519e-01
-7.237286473327388947e-01
-5.096729532413513120e-01
-4.466727040242557401e-02
3.148967574251226864e-01
7.962413478101393327e-01
-3.881504026769526661e-01
-4.118459806752838848e-01
-8.938529263717764906e-01
4.190816258570273511e-02
6.340677713459412779e-01
-7.189096090065232314e-01
5.260966622741294341e-01
-8.121166410004390102e-01
-1.835348257789963800e-01
2.086624946331128161e-01
-2.003832173412325446e-01
8.305264829274019434e-01
-8.631141593018498703e-01
9.129113839380487150e-01
-1.001165755983994821e-01
-6.833598526035657983e-01
-6.844499412838114250e-01
7.190853000197769962e-01
-5.197140533924027306e-01
1.940789979923918107e-01
-3.425785000874770336e-01
5.728802719111121267e-01
-5.742225843380994732e-01
9.915502023824380728e-01
-3.567417839984607930e-01
-4.692586944075307631e-01
6.441642717964661813e-01
4.885690397063005008e-01
7.283666423159678160e-01
-6.345627880846627100e-01
9.162595100367698642e-01
-5.201990655581736345e-01
7.309634122048762617e-01
2.527310461897613880e-01
5.793584333417221011e-01
-1.203937886180577177e-01
-8.424207889583665843e-01
-8.112168792609719681e-02
-4.839008023068744890e-01
-1.239441951792237262e-01
-4.888857999140914234e-01
-5.941974964208196486e-01
-4.555759831754984113e-01
5.095726773108557595e-01
8.845001416442377362e-01
-4.375673857212230011e-01
7.386415025579831095e-01
1.386362848789168822e-01
9.884365345752847976e-01
1.284246350958260230e-01
3.703327316960380866e-01
-7.060068275412667571e-01
-4.670626221375924203e-01
6.122081523378666290e-01
5.699884304038627114e-01
-1.546507131888970044e-01
-3.841995419127275380e-01
-4.550855648485430116e-02
5.203360056874539730e-01
8.266530971030894293e-02
1.195777754514790736e-01
4.296588944639534446e-01
2.661159855578503208e-01
8.279775354350928929e-01
5.837233631172371595e-01
5.549808572269847584e-01
-5.013260145668692047e-01
-8.263236947079095618e-01
-7.184874437168544681e-01
-5.368916242705072950e-01
9.703844183265573076e-01
2.374696868505377090e-02
-9.426396634684033327e-01
1.878545065980432582e-01
-7.206216779737348865e-01
7.599489690825191879e-01
-1.893188618554304536e-01
6.340133777115082303e-01
4.480870981378142215e-01
4.882342252030715812e-01
-7.118624548689393983e-01
-1.574463317198993018e-01
5.526364205627412041e-01
-3.900389078111126118e-01
6.328113927680998341e-01
-7.224120313462047971e-01
-8.303160876134740853e-02
3.442528174528547424e-01
8.352318819384623172e-01
-6.168837141111238598e-01
-5.180049679771634441e-01
4.176565369914133630e-01
-1.175462309923327453e-01
8.010038333338698191e-01
1.283006729419255976e-02
-7.755259809208054911e-01
8.922463734204220120e-01
1.495749374998822656e-01
6.942626562381259969e-01
2.101034784316158088e-02
7.288086494425236594e-01
8.254969817797059850e-01
-8.487817002012523204e-01
6.230834939098335301e-01
-4.834997352047474273e-01
-6.101139551822329921e-01
3.082284004638049524e-01
-9.666562804337139880e-01
7.497066590632754934e-01
6.107204704449704646e-01
8.764381795675646458e-02
1.623424651376215166e-02
1.750815650357431252e-01
4.043942589230942186e-01
7.397701317430915857e-02
1.941087866969746223e-01
3.046444012852456140e-01
7.284772363872340506e-01
-3.348603531361216135e-02
-9.624518850668610792e-01
-3.971196105984040603e-01
-8.749360334388878169e-01
-6.812888365598903651e-01
-3.650922980114756911e-02
-7.979780062962480436e-01
4.184536544957560000e-01
-4.946463790682664730e-01
4.000685822835330363e-01
4.068965291332606871e-01
-9.521120372549729538e-01
5.826334787091367318e-01
-4.538950932961003382e-01
-6.467321832115371372e-01
9.287629348300758814e-01
2.774341308644567849e-01
5.423055379084000815e-01
4.795684719191328771e-01
5.115110385671095550e-01
6.941707169556494694e-01
9.001016124913683303e-01
-1.266211509512220612e-01
7.381147135659009706e-01
-5.602389480984149017e-02
-5.589372126469673852e-01
7.264515656820187406e-01
-5.075854179468557437e-01
3.415181618639340222e-01
-8.543018187302724442e-01
-6.007921775348943338e-01
-3.420012774233365249e-01
2.441281008373306083e-01
-8.515968666278574961e-01
-6.462834899338856243e-01
-9.354542702394084142e-01
-6.412221760754706068e-01
-2.140194354088631457e-03
-6.820025530182507456e-01
9.033624056547784331e-01
-9.288777629434255001e-01
6.435353405767467727e-01
3.873090393406886101e-02
2.311388924046708926e-01
6.042551593053280268e-01
-3.549796990170657196e-01
-4.439483207853189839e-02
6.949662267726850473e-01
8.776182301928072693e-01
1.708011893509708834e-01
-3.034811422604413167e-01
-9.232205857447848274e-01
-7.623925033780647453e-01
-9.138476373876391889e-01
-9.378433729940072183e-02
-3.445957270799631100e-01
7.062122456951742677e-01
7.594877148696894675e-01
-5.036968495694176262e-01
6.427403031455027893e-01
-3.270180558292503648e-01
-5.204065220598843577e-01
-6.532226921298609490e-01
-7.035457072627813169e-01
-6.447169130515366664e-01
-9.893614312996141802e-01
5.044184769553574643e-01
-8.956826825081418697e-01
-1.661519266656461546e-01
-1.209625824394622295e-01
-7.310856328158450435e-01
3.085349647969006792e-01
1.718193232641125334e-01
2.606855083570809306e-01
-7.169229552670026706e-01
9.624594816072229442e-02
2.856748869941341251e-01
-1.482687804458571179e-01
9.633897757315206256e-01
2.313500113401927294e-01
-4.963378467797525673e-01
2.210543193812946061e-01
2.018838858245028955e-01
6.218632643956247819e-01
4.676764908414998700e-02
-6.457955688059526800e-01
-8.752839002068173446e-01
-9.569071127719475101e-01
3.532168987049550957e-01
9.881675718034601541e-01
-2.950847462215104855e-01
-1.953423116091208556e-01
7.836985490373069574e-01
