6.404128884387076948e-01
-6.202572677483311203e-01
8.147299818705036056e-01
-9.053366192867935425e-01
4.945631015340452574e-01
-7.841602167489987174e-01
5.960519221954663216e-02
6.622503469376903595e-01
1.047304410305824884e-01
8.452504874404285218e-01
-8.114431135045463428e-01
-2.360339628231091780e-01
-2.295533567358583049e-01
-6.446553793651177422e-02
4.935031393154778456e-01
-8.620437140126766540e-01
-3.747947497386485693e-01
-4.968084402399748356e-01
6.868038189146141725e-01
2.496358583828734989e-01
2.724503422432844602e-01
-4.992396515479937680e-01
-8.798840389520252714e-01
-3.134824610633537567e-01
-3.916647809931566027e-01
6.492634806539732129e-01
-5.263728362480439849e-01
-8.671741102100694043e-02
-9.060613936087666964e-01
1.010150483254790288e-02
2.953760101924445269e-01
-6.661453541783073362e-01
7.927788866875529195e-02
7.613765647310399842e-02
6.346369232110951053e-01
5.815107860206849555e-01
9.499306529032527369e-01
-5.046863307269875421e-01
-7.366758153505819084e-01
-9.292488840392789662e-01
9.333886947850333904e-02
-2.869457642100652350e-01
7.249783140407370929e-01
-7.782780304864220788e-01
7.175484334203834358e-01
1.130730127871470980e-01
-6.454366239201463351e-01
-2.391461404449584105e-01
6.339524446065352148e-01
1.507663044821567766e-01
-2.804019260680497005e-01
-5.846761129597493056e-01
-2.570533552277143308e-02
-1.396644017189268006e-01
3.766280472148069158e-01
-4.455135387211508480e-01
-5.423317787050458971e-01
9.836800591040486541e-01
-8.646885415398588570e-01
4.605835062761265419e-02
-8.754523379995333698e-01
-2.838939804090783170e-01
-6.263096638575078590e-01
-7.524314379725609570e-01
7.381263008584633134e-01
6.567022647177382932e-01
9.838296471182668146e-01
-2.375023902383477381e-01
-1.503298630643439271e-01
-1.709869649477588904e-01
1.478006161768690152e-01
7.222016888863513895e-01
-7.189659429660564260e-01
-9.597201146922662574e-02
7.916376389271873038e-02
-8.082746160095912735e-01
-2.774371626779745803e-01
-3.992425827263752502e-01
-2.473988559996831427e-01
-9.452616940350182517e-01
6.838381782991111990e-01
-2.623766065523940316e-01
9.963338199500084702e-01
2.573168782082884132e-01
2.227398406426130961e-01
-8.183050511797991255e-01
-3.689437506058410587e-01
-9.886146069543702009e-01
4.990125168123491495e-01
9.150165139100212564e-01
-1.815254513743427278e-01
-1.081444915380376237e-01
-1.014390497421628901e-01
2.732145703730646247e-01
-4.052388554529577913e-01
-8.562644623571677993e-01
-2.810492470556575917e-01
-1.559369999966029319e-01
-7.626557420790922581e-01
9.643075285958144782e-01
8.453872118135872249e-01
4.226827475033088088e-01
8.704498872456916114e-01
7.857292040551500101e-01
-1.306661889623841333e-01
6.194982231716195109e-02
-8.001326425834434097e-01
-2.957149596529757840e-01
7.842216862102902031e-01
-6.529934837222999278e-01
-8.965652607952299125e-01
6.168919410319566587e-01
-9.009934842244442521e-01
-3.138346309767334752e-01
2.756470719207220199e-01
9.821274151219525628e-01
-7.677619119485683541e-01
5.675738446009259697e-02
-8.196609436207995536e-01
8.452812470543280554e-01
-8.026183271164721855e-01
-1.191001429133711209e-01
7.451457997724788562e-01
8.320416736997320317e-01
3.709952527926214660e-01
-5.267640509740396659e-01
-9.025072540792433706e-02
6.481931810314653930e-01
7.032155244460194243e-01
5.162862723580485813e-02
7.239744135032006866e-01
-1.408741006088540804e-01
4.644180151589132333e-01
9.966067064370254247e-01
-2.210290516819692908e-01
5.079620433278806413e-01
4.037159272413348710e-01
-8.739455928524102468e-01
3.948154188750978566e-01
-9.309174464187555120e-01
-1.405884952219516038e-01
1.359478137137763998e-01
8.224149370272315629e-01
4.324089917182571963e-01
-6.417248835855600131e-01
-9.337755482541112428e-01
-6.167144645630102673e-01
-9.366859302649208630e-01
8.114301431416528487e-01
-8.173585737824071717e-01
6.577987291237523682e-01
9.810956762324440916e-02
2.658544695184053008e-01
6.765763030977018921e-01
8.223901056935407627e-01
4.144962185479152961e-01
-2.614211583158825292e-01
-9.462769922092371111e-01
-7.079042450933863417e-01
7.665043158985613836e-01
-8.238060082751477164e-01
-1.680006011847057223e-02
-4.041472651539470551e-01
8.656567896429252507e-01
-5.311769934648342684e-01
-8.646279180447109525e-01
-1.483984293912747887e-01
-6.912962267450324383e-01
-1.526873425550396846e-01
-5.343024079493274847e-01
7.267153903889906896e-01
-8.219481822981535846e-01
-7.631358665395275853e-01
-1.194623927420721543e-01
7.634829131584219830e-02
9.787756233375077830e-01
-9.338039666349471357e-01
-9.119372788616002534e-01
-9.044430304256634301e-01
-5.328913811339837103e-01
-8.573511475802884085e-01
-1.984715362997435673e-01
-8.760862038715910849e-02
2.682270882537534096e-01
3.005983649027639260e-01
-3.155439401879256422e-01
5.232876297644295516e-01
-9.752199127931262534e-01
8.165025521904631933e-01
-3.477359447194989794e-01
6.962532366275175910e-01
4.499217975576155215e-01
9.710943519452512884e-01
7.678931871214393912e-01
9.305981193350394420e-01
4.888239886016667590e-01
2.760206132764144726e-01
4.590020060798922774e-01
-7.546219386155725850e-01
-9.244182474965330076e-01
2.305616546273403511e-01
-4.553447160553771855e-01
-5.249690052490425529e-01
-3.930233793319171109e-01
8.496508174232999533e-01
-9.311593686185615226e-03
-7.901901306681624604e-02
-8.902429655692958299e-01
9.228865280628895107e-01
-4.062825867653134804e-01
-4.856439843428621561e-01
8.838120116312699892e-01
9.029910810902916918e-01
-6.778477953300197090e-01
-1.889641510485740028e-01
-5.914766290038531160e-01
-5.549517523382418993e-01
-5.480813627011027478e-03
5.305016785889740127e-01
-3.474562593132446420e-01
3.015495361411253405e-01
8.885613423858220727e-01
-2.099311613381191766e-01
-7.720472308136749895e-02
1.768966291909745969e-01
3.069555020716330240e-01
-9.180474187783009832e-01
-4.131380082637381435e-02
1.894209512527031958e-01
-3.629769390169854670e-01
-3.820497046246345008e-01
5.861129389077615048e-01
7.580627382792737290e-01
6.637158721217546464e-01
4.896398366718472950e-01
-7.744421813819635236e-01
-5.911116185592333316e-01
5.096058491954564840e-01
2.130432027893962577e-01
3.886022965322479816e-01
-4.611238474955399180e-01
-8.781166720761908184e-01
-6.997778563418568520e-01
-2.703955653273406590e-01
1.063634200026020160e-01
3.733990560898803324e-01
-1.960180776164199834e-02
8.704623318438615698e-01
1.747846839062665580e-01
-8.944684877643860332e-02
-4.283107532323537914e-01
-7.200891169142855652e-01
-7.192222019664096244e-02
-2.851659411105262887e-01
8.978182867181765392e-01
-3.207319918280804316e-02
1.549489249691284876e-01
1.775303683745752537e-01
5.758671251103362199e-01
-9.739306977432904411e-02
7.424212537172818482e-01
-1.425930075743149228e-01
3.592304885067978404e-01
1.131274059647551233e-01
6.722001122349021696e-01
