-1.454360620344019583e-01
6.857239482248593809e-01
3.746147438466795876e-01
4.403959195181670339e-01
6.525153802451937324e-01
5.587200477828027090e-01
5.789021211168552394e-01
-9.145166747832720322e-01
1.543076998039552006e-01
8.044230275165815680e-01
4.051077651616707964e-01
-7.394992234742803205e-01
1.158476389120826067e-01
7.258925108818403693e-02
6.879710643623282440e-01
8.303457143112940031e-01
-7.368468251803728108e-01
-5.353066405317201681e-01
6.685723008554380620e-01
2.023345771896591927e-01
-8.461021912402946210e-01
-7.152424605693934456e-01
-9.295502749756117122e-01
2.442253772470386330e-01
8.709360161157326807e-01
9.100047708226759458e-01
-4.326903090775418015e-01
-3.298949292570316771e-01
7.401543125143656976e-01
-8.526186772562782679e-02
9.949098669184723853e-01
-9.660909391690917225e-01
-3.304273000340536282e-01
7.153748383035405389e-01
-1.378341992763931767e-01
2.560628578675987477e-01
-3.461650070439719062e-01
-2.443618615522002990e-02
8.053106352675294399e-01
4.079084619963357916e-01
5.806227964099135441e-01
5.346373134406274819e-01
8.683351286364964228e-01
-9.711132959623740568e-01
-4.013139508700094282e-01
-9.537201320043136032e-01
-9.256304718358914219e-01
4.778993576770846907e-01
5.962670686511508666e-01
8.180932345782920834e-01
-9.556614400110758911e-01
2.566569736016079961e-01
7.675599958691514679e-01
7.629730311777305207e-01
-9.215318278547002251e-01
-1.176949552158912393e-01
5.401126834215208561e-02
6.268309919937526953e-01
6.848929939789085708e-01
9.512825042256212171e-01
-8.101775150032701767e-01
-9.364514529901808437e-01
6.368513052150726050e-01
-7.588851917464138896e-01
-4.900606285531101669e-01
8.492649804090535159e-01
-4.565023262562535322e-01
-6.010831842009052295e-01
8.115609980790350342e-01
-7.408704435320878634e-01
5.281110882386499394e-01
-2.241906659618793096e-01
6.616321037477517208e-01
9.797344573960722336e-01
-3.957667701648759362e-01
1.734319513249675815e-01
-6.814727319221278723e-01
2.248101982948220723e-01
-9.631000016252444507e-01
3.806387749843940238e-01
-2.493840240158835542e-01
-2.772639122691487046e-01
-3.955925504769441936e-02
3.331607027854299741e-01
-1.144520389110492697e-01
-4.057271789411707186e-01
-2.744554326205155270e-01
-7.531702821506744971e-01
-7.505086507368923243e-01
-1.654993522438574782e-01
-9.728820032591380951e-01
-3.472758364641495010e-01
6.943572898662526693e-01
-8.335916782141363779e-01
8.124053645612283603e-02
8.030053924469278126e-01
3.585511377960004520e-01
7.452964294142836454e-01
-1.750779914855515873e-01
-8.885873292384063316e-01
-7.360172287060842145e-01
3.033321737505350058e-01
6.878890136042727921e-01
-7.854183302233639363e-01
6.396913621974191777e-01
-3.652485946727079824e-01
-7.958283997454793646e-01
1.134874528097640223e-02
7.953451051640771929e-01
5.975246808925993580e-01
-1.527951570428522921e-01
2.070823100366763203e-01
-5.330335435686013312e-01
-7.307113617499998437e-01
4.124772419089379749e-01
2.347393315036825356e-01
1.054349408570249835e-01
-2.151001197390765007e-01
-6.128153339133448618e-01
7.864400730314882182e-01
-2.631974457077834728e-02
1.993775803291828463e-01
-9.230900728608766315e-01
-3.167245381349625966e-02
2.248138010468450076e-01
1.752986816034063366e-02
3.100683268635937573e-01
-3.694408148391981062e-01
9.478460359122047318e-01
8.783406324600624426e-01
-8.669540376767859158e-01
-8.884960162393711336e-01
4.518179538717834731e-01
2.552248921282869176e-01
3.103336114701045201e-01
7.211313238926748692e-01
-4.445433683392661095e-01
-8.009383611080886922e-01
1.165864017063864555e-01
-3.629601389461869498e-01
-4.431062472640372452e-01
8.876296940043735262e-01
5.528521277172331327e-01
-5.577731888978081365e-01
-1.459073116391365055e-01
7.728153355624887144e-01
-5.712198036984281746e-01
-8.009900734137200828e-01
1.795562856104957472e-01
-5.283533979641965583e-01
-3.824941261782741631e-01
-8.471335837306634975e-01
4.085700529965956562e-01
-3.728849826060565142e-02
-9.554974628096337685e-01
6.248548103094779815e-01
-3.895462040074342269e-01
2.446731922417419991e-01
9.760025404587004960e-01
1.913772694682076558e-01
-9.433493626152562594e-01
-9.493746413008246066e-01
-2.741050587815068162e-01
5.822028373739034368e-01
-2.506652992953581904e-01
6.052498152115888264e-01
8.781691330519154626e-01
4.038049864864088345e-01
7.753330441618855318e-03
2.976291892938200956e-01
-5.678843831349178473e-01
-2.713356130402244659e-02
3.850203528784019724e-01
8.332220673936685529e-02
-1.163720198796471816e-01
6.325154933463543738e-01
3.825084325778145278e-01
9.336478686939189142e-01
-9.152050860441507396e-02
-6.750343770150373235e-01
-2.693521398562916946e-01
7.246736100282906712e-01
4.013647859662627937e-03
-2.813639771458309458e-01
-1.412145938683551094e-02
4.059274337063079052e-02
9.538464506075650107e-01
-4.373234805067380826e-01
7.697061879532725026e-01
5.064781664699655739e-01
6.679726825197609408e-01
-4.989584865947371828e-01
-2.126198555292280190e-02
-4.432016445020592332e-01
-6.632914848451558765e-01
7.200207482192830799e-01
-9.055557674317997741e-01
-3.086595609175335486e-01
7.977818848596756052e-01
-1.676503609424691010e-01
4.339836201816456018e-01
2.007359769105088176e-01
5.378965262330295261e-01
-5.915009733977845130e-01
-5.033999740924783861e-01
-6.320673158145142523e-01
7.114922318653520428e-01
-3.650197920315254585e-01
-4.274270815420888603e-01
-5.703298634984099724e-01
-6.360435618717976691e-01
2.756546782139908114e-01
-7.651126311301741367e-01
-2.186939693297154097e-01
3.670646893393068044e-01
-3.786772796271322683e-01
4.829855373057854173e-01
4.548738906305029861e-01
-2.436242096262255519e-01
1.844374553726433330e-01
-3.923625061488935639e-01
6.125359251626818491e-01
-3.310598548936125596e-01
6.591609241058107305e-01
8.423427491851824822e-01
-5.479995893879201496e-01
-8.943848250593844362e-01
-3.588619526132728055e-01
2.583630914484729146e-01
-3.156929578329494834e-01
8.621469171335431891e-01
6.275450899408583361e-01
3.358548836468271404e-01
9.743967292552364601e-01
6.808252015149671710e-01
-6.963188408855640610e-01
9.496082547089141901e-01
-3.751217839708804735e-01
9.262829436717230358e-01
-3.085797398864749130e-01
9.782009639429098957e-01
-5.974959504740984251e-02
2.906232887057558223e-01
-4.785102211989220589e-01
2.090635524120021405e-01
9.405499548316338387e-01
-2.477876754015204686e-01
2.731398879890487574e-01
-8.516384328065962350e-01
-5.068508335156090006e-01
1.665662055321199819e-01
9.435973848238266015e-01
-9.192722766021135250e-01
2.302998359018639807e-01
-6.658746764636838122e-01
-9.683723695014478938e-01
-1.029307934879908348e-01
6.390889324766821922e-01
4.044066201890235135e-01
-6.573600577756788521e-01
-3.657529141751247881e-01
3.815812139553944604e-01
-9.763543733359110188e-01
6.451708134217926105e-01
5.304606221965642021e-01
