-5.410908890491588075e-01
3.323284645636432888e-01
-9.233547413144438387e-02
-8.039031601333312960e-01
-2.041494427138870194e-01
7.717685164418330857e-01
8.917606908660209442e-01
4.412438256199302522e-02
-1.428291226177409445e-01
3.366040369634271112e-01
1.940610946408110049e-01
-9.266445792653625890e-01
6.062212589383888517e-01
-2.203806628675613055e-01
7.898937892615061074e-01
4.917062366355180458e-01
-4.253600681535814054e-01
-1.872886754973557277e-01
3.005345545554987119e-01
-5.986576091078168460e-01
9.142813434718699561e-01
3.454832273106487328e-01
-4.429348899690206398e-01
7.763785192598273710e-01
-3.301490230628483236e-01
1.592771936629648888e-01
-9.277936288949373278e-02
-1.645101860850866071e-01
-2.014746340761952581e-01
-4.508054189795944744e-01
-3.830661817459311003e-01
6.891404358449197964e-01
4.297314049567895200e-01
4.376843057826678152e-01
8.290358152357026889e-01
-8.967943782030629585e-01
2.438523691996055121e-01
-2.570001245058814998e-01
-3.939589201095969884e-01
8.160237181422149710e-01
4.205545329739883709e-01
2.428706767225370378e-01
3.112001035235167912e-02
5.587850889313406011e-01
-5.556422033027068608e-01
-8.373185426069131854e-01
6.408244252706400967e-01
2.039530237629261222e-01
3.668569896858575596e-02
4.567769696445038718e-01
-8.153543300358367940e-01
9.473250919492726130e-01
-6.642928882483190023e-04
4.251637156465910561e-01
2.294531817595366618e-01
-6.347478226505138821e-01
1.862501559079070557e-01
5.415396591660852632e-01
-9.213036153985869614e-01
-6.687012684332358514e-01
7.705822301636033878e-01
6.213388135853568084e-01
1.425358221953216820e-01
-3.519267435826611834e-01
-2.732181559490518552e-01
-8.690978840118610549e-01
2.626581562385643664e-01
6.007325607755060748e-01
-3.551797813635830803e-01
-2.336401775424845617e-01
2.628737078586016462e-01
1.878651104214326129e-01
-8.806860122781057232e-01
2.897138234239575727e-01
-1.464691662601331767e-01
-1.290539632491263244e-01
-9.934944088759154468e-01
-1.630049950792553659e-01
-1.367947634031625448e-01
8.170708671294941716e-01
-2.946149143346512567e-01
9.787266698569820900e-01
-6.483907377483923984e-01
-4.364145730737609696e-01
-9.932687054332525189e-01
4.309021875480130159e-01
8.654080824879795131e-02
-6.182764030399410249e-01
-6.886787862957981510e-01
8.760119550038125702e-02
-5.393631567021046624e-01
-3.827535061320319620e-02
-3.209935073269012396e-01
-8.074654098271514258e-01
-2.399809898177285294e-01
-5.174993237266800605e-01
2.265075867753447714e-01
-8.766830516263919293e-01
-5.794264538254341179e-01
-5.461131537162415839e-01
7.746698119533361737e-01
3.327095418146057693e-01
-7.685944501530161954e-01
-3.626826818819417486e-01
8.444983271855386331e-01
-9.672779619053712974e-01
8.090385327614864064e-01
9.818254819086784657e-01
9.816545123228519465e-01
8.300730987939985983e-01
-1.576234924337700516e-01
-5.291199469314920023e-01
1.260070909969386310e-01
-1.441533826718472966e-01
2.896410501827222372e-01
-7.837182934930049250e-01
6.613843240065533369e-01
-4.403759778269304981e-01
1.276108474203720977e-01
6.607028112795025887e-01
-3.969548884142655165e-01
6.336478962299543216e-01
-5.180578387407481777e-01
4.210903450868830333e-02
-9.173004755675384647e-01
1.596227182413945123e-01
-5.430468737155058623e-01
-6.442564924368061607e-01
2.902967125421471728e-01
-9.561726233910994299e-01
6.517016649088063218e-01
-1.244361415372803314e-01
4.783484993638393856e-01
-9.581058176690926409e-02
4.628303646911353653e-01
9.422507401302673280e-01
-9.017036741285693324e-01
-6.406227903226557885e-02
-7.392736860095574514e-01
5.694194942542105675e-01
-1.220911954265495591e-01
4.462439127649955317e-01
-8.925878814589469634e-01
4.638824572713824423e-01
7.558844502483734740e-01
-4.751019110628516007e-01
8.594509175951139390e-01
1.338774532807986972e-01
-2.291157540878272503e-01
9.700286595822915636e-02
6.466596887493714085e-01
4.369535286669243845e-01
4.971492310302940698e-01
4.414309194307219908e-01
3.366700882726481048e-01
-8.588241442933604031e-01
-8.805145843634738512e-01
6.402770801099677556e-01
1.516105650537769023e-01
-7.357047727834253870e-02
3.492557986133539849e-01
-6.782996267675622803e-01
6.147587907792781969e-01
2.466994052897786283e-02
-8.845707230485151396e-01
7.284724548990977322e-01
3.355204448505848536e-01
4.808680162557239512e-01
8.262440002364623837e-02
-2.857843991525472749e-01
1.727033147481018549e-01
-1.392707261113335093e-01
2.021382068048001024e-01
-7.484620353485449407e-01
1.814487975983747337e-01
7.639912241032591478e-01
1.072180089918421952e-01
-8.328688900568110842e-01
1.061507614163936797e-01
-2.408070267628565908e-01
8.905075576054735098e-01
-2.755495575580559908e-01
-1.324109894419267519e-02
9.136817925723850209e-02
5.680349234524451063e-02
1.602386404774727158e-01
5.250528880664668829e-01
9.523585470975162171e-01
-3.415775376276011244e-01
7.294453415974637700e-01
4.967650225983815115e-01
-2.153869259395979618e-01
-5.961953311927332688e-01
7.285753468194189342e-01
7.001777278177487851e-01
-1.503728191128046454e-01
7.115488067820310292e-01
-7.231492192088786464e-01
3.347084366066586103e-01
7.343841688839791715e-02
-7.271604291951172527e-03
4.899737109305137839e-01
4.981773460579081991e-01
-7.361665333355826846e-01
8.990652640217202674e-01
-6.138382682604182072e-02
2.629707580501718933e-01
-1.655867229638638971e-01
1.149349925904821212e-01
-6.770984425081170155e-01
-9.832709664042202924e-01
-3.564487360011003858e-01
-9.258345900056057509e-01
-8.130040148223671714e-02
-3.360598465978568150e-01
8.377028502762875473e-01
6.110920840271600873e-01
-3.152992311282880600e-01
-3.727256310699966768e-02
-9.120867216638681718e-01
-5.644606134239849027e-02
4.551419223982351436e-01
4.452562801816914995e-01
-6.933118381613607717e-01
-8.466373757412584133e-01
-8.225975778121570325e-01
4.777780941044529328e-01
7.791981391225024645e-01
-8.964407986162497011e-01
-2.753820194999796467e-01
8.100816393277938676e-01
5.748615077879919433e-01
2.480415548055472375e-01
-3.893948306639414270e-01
-5.422619683216469699e-01
5.153921332644415543e-01
-3.885480039250464035e-01
-5.667717576732738127e-01
4.295522385104304508e-01
-4.863412329722101024e-01
-8.153511468486485114e-02
-3.615594198561489225e-01
8.756306676261040867e-01
-9.966038943160770991e-02
-4.896160605644415131e-01
-5.860690103191754652e-01
9.663531756660574956e-01
-4.537349050154246832e-01
6.340149507961927444e-01
9.320762006157632396e-01
-7.007300803418836654e-01
2.833815109518638131e-01
2.846937739287651592e-01
9.028365276075867030e-04
8.027408597332932327e-01
3.007644383601946192e-01
1.256251273189734619e-01
2.062123991600328665e-01
5.644305991983813442e-01
5.749961402657894904e-01
4.666941442484975333e-01
6.638558547009254518e-01
-6.913982038438515332e-03
6.511728914163139592e-01
9.446770875919188182e-01
