-3.659093285167873688e-01
-3.007266629599416596e-01
9.514123467234345544e-01
-3.687430820100563444e-01
7.826727033194800232e-01
-7.868008765534786342e-01
-7.483554958323987982e-01
-5.076334830261024500e-01
2.304490812506601038e-01
3.103959593779421766e-01
-3.927552849284345893e-01
-9.301934868136725321e-01
6.443675277168570137e-01
3.507453918243652602e-02
5.295347399439267466e-01
-1.722748410033638766e-01
9.403510710415885487e-01
-3.273212794738225018e-01
-4.589482678525815817e-01
1.255842237547430962e-01
6.253900856884737625e-01
7.621754544281926780e-01
-1.998530473857997869e-01
3.623291410974216475e-01
4.326096934031036234e-01
9.764715746662022688e-02
7.731301209475700542e-01
3.055616124555675661e-01
8.712664455966303567e-01
-2.409583407411324263e-01
-6.269026945220135261e-01
8.105104352201650819e-01
-3.739864715431973075e-01
1.272670173219412337e-01
-4.015016446175609932e-01
-4.086179935757130455e-01
8.547074446668918579e-01
-7.213153738226527611e-01
7.943614486408556719e-01
5.623315225924734317e-01
-7.595578793044528432e-01
-6.977700850856711767e-01
-3.234159906787192895e-02
-6.975838576775215127e-01
-9.849079275780119325e-01
9.762291737635031552e-02
5.592161160213735549e-01
8.278859676306540294e-01
-2.465636402787996229e-01
-8.730312690286523569e-01
9.214945181628220183e-01
-5.399591075174436927e-01
5.228017332310728182e-01
-8.050303120390682743e-01
-2.526650045354765783e-01
6.551210664873641232e-01
-9.653323945498493153e-01
5.741682068155553598e-01
7.195223077950818613e-02
3.770485162309207272e-01
1.509499888569292292e-01
-1.755628299110592039e-01
-3.866134593303947042e-01
4.548599457470388074e-01
-1.483000132792275938e-01
-4.567649047445319077e-01
3.130237508064197538e-01
-3.509761514590723497e-01
-3.414076881258898410e-01
-1.737569703045780400e-01
3.068221700717699285e-01
5.969866975862694325e-01
1.874221617896492109e-01
3.712332012935311010e-01
-3.001337177139702383e-01
-7.273495580403603888e-01
-7.145666368897252152e-01
3.945815101088581134e-01
-2.108437129362772389e-02
-5.737600446911608199e-01
-4.346964637547710009e-01
-4.615909540714262516e-01
8.356374365505279123e-01
-3.189471092659357243e-01
-7.376261386508387030e-01
-1.816558278241586777e-02
-1.001104335363613984e-01
6.532600766571212692e-01
-2.777317512581234382e-01
-6.284765551704900588e-01
-5.139571513010536830e-01
5.191105877380781664e-01
-4.752998150224370111e-01
-1.734728972146215575e-02
8.156455334330279250e-01
3.853379942398071911e-02
7.250518048740970389e-01
-3.154352340850916647e-01
-1.827864608675833225e-02
9.181629243041748989e-01
2.018872140248539893e-01
-4.756384094738252966e-01
4.216631558594519102e-01
8.131150449958362003e-01
-9.258470710297861395e-01
9.543784818652276680e-01
-8.814321611540327783e-01
1.152911900756472541e-01
1.452199922341745886e-01
5.563621485569207881e-01
-7.048503173887794571e-01
7.511824063764827031e-01
-8.432360246518231239e-01
-7.905663542919090236e-01
-5.269070723137034840e-01
8.663982282594688833e-01
-4.366852210237024412e-01
3.018760048153750208e-01
-3.605402490469657995e-01
-6.775898036609584452e-01
-3.032531890042626799e-01
6.003278790221286965e-01
-8.531889367977165683e-01
-2.288513571486536780e-01
-5.433427171081977036e-01
2.593694226976719364e-01
5.951700266976582832e-01
-2.412536774392510797e-01
9.691663535629360116e-01
9.028636548675470497e-01
7.398104307868482721e-01
8.269166435329151632e-01
-7.180722618179524730e-02
8.919487765141840274e-01
-4.128004162676932598e-01
-1.624565866749629883e-01
-4.159525793517289127e-01
-9.731045511281664062e-01
5.938516164727161151e-01
-9.672229257608420117e-01
4.405036795512784487e-02
-2.327101187111879632e-02
7.566998750038469446e-01
-9.311543628260485761e-01
2.160684448263019419e-01
3.849452165041307161e-01
6.990728901645311133e-01
5.925874455990116640e-01
-3.557565971822129747e-01
7.226126407836936938e-01
7.222478753114947025e-02
-7.764112359965746890e-01
9.720922951934902745e-01
7.822441878422301542e-01
5.319210880887150772e-01
1.416255478557681968e-02
-2.801629973004042817e-01
-9.329584952541705167e-01
3.062173038925752877e-03
4.487313092085638555e-01
9.388292532417688019e-01
6.624841755392996134e-01
-9.416680112206443631e-02
-9.940833826410544471e-01
8.844349555236712401e-01
4.580476012921765872e-01
-8.612907896065149504e-01
-4.387464866595047752e-02
-2.976160808386758561e-01
-4.865697774474377901e-01
8.829296492012628228e-01
-8.235252636092631473e-01
-9.620499644835962538e-01
9.985000404445039113e-01
-8.980444707378485436e-01
8.981136833753919912e-01
5.300005858475318465e-01
1.958603520795514363e-01
-8.593532107614187954e-01
3.610089140713828026e-01
4.441237736838057337e-01
6.234202109884410259e-01
-5.945878187638873325e-01
-2.040949191907999172e-01
9.722374178999713124e-01
3.290723707993044034e-01
-2.490917278891291442e-01
4.456905994132285276e-01
-7.100221314210091172e-01
1.117569644454168287e-01
-9.054527907870146830e-01
-9.528115369116358924e-01
-8.172818283779292869e-02
2.192126614829521536e-01
6.798164849557228884e-01
6.038631312731361778e-01
5.923325384339059863e-01
5.292435096183818466e-01
-7.465818134772927994e-01
-6.242806397650926264e-01
-7.630231114101375667e-01
7.843353397313739261e-01
-3.317509585485067802e-02
3.572607795642857020e-02
3.015148158490021935e-01
-3.013389474759697872e-01
-1.129730951996472665e-01
-6.724613430913002343e-01
-9.016222882771014469e-01
8.168675339291049387e-01
-1.518050091446538907e-01
-7.409448625647774289e-01
5.825703289892587566e-01
-1.056773349996114053e-01
-7.384441643295307500e-01
4.384630890714584783e-01
3.210621152956860680e-01
2.273443631018206013e-01
7.022571704064290987e-01
3.060730588788302953e-01
-2.340571193846321396e-01
-2.993762996077924399e-01
2.220937291826023952e-01
-1.310305611872628617e-01
2.584039648111438048e-01
-5.939723636968163856e-01
-2.375084355110077539e-01
-5.249414586484648648e-01
2.338381734202590323e-01
-5.159915526234317706e-01
-7.729587385856087067e-01
7.609159880927340858e-01
6.997149381787695077e-01
6.716213252282374757e-01
-4.146594239773666590e-01
-4.986490893335331354e-01
1.326786223791343033e-03
9.413007656056069372e-01
-3.685161019942830851e-01
5.840314321569017864e-01
-9.930460375645802085e-01
6.407062129315010957e-01
-3.319929097092855219e-01
-1.153770769101281068e-01
8.750726573739469050e-01
-3.955081665921189593e-01
8.641383410637102358e-01
6.542531862820042399e-01
-7.927905917273436742e-02
-3.640932961518967836e-01
6.355540667630621421e-02
-3.858328433469699892e-01
8.780938397276234486e-01
9.843192635550217506e-01
3.333015223167312691e-01
3.714707295721273450e-01
-6.725856085158599118e-01
-4.113779980065741526e-01
8.030510684520122400e-01
3.819376345105516268e-01
-4.145378337039806738e-02
-1.812127710726287866e-01
-9.972652270540445230e-01
-7.711175594469690253e-01
-1.281048318128439334e-01
