-1.460840083270642520e-01
-5.992009226708734371e-01
8.748931706596148050e-01
9.937784881099060996e-01
-5.234698139336637634e-01
-4.501656291844995383e-01
2.865595736059269871e-01
8.039647985749873715e-01
-5.492008010602507095e-01
-2.710723779411792211e-01
-3.565889102895860585e-01
3.012092823789029872e-01
-9.620504140117660530e-01
8.189034672058375097e-01
-1.426515668647250212e-01
5.325925755987532817e-01
9.638031647270455249e-01
2.450713203640797477e-01
4.108229897188830915e-01
1.011409154896543150e-01
-1.619338409349087016e-01
4.834383843797085412e-01
8.863174766701500396e-01
5.468998195313605759e-01
-2.785366373526307893e-01
6.130091661454122320e-01
1.725569301417924084e-01
-9.164849679239956970e-01
4.243252758103543965e-01
2.287578861575858546e-01
2.378463787247289130e-01
-9.557276921072215270e-01
-5.643278286423227819e-01
-9.530606863275714602e-02
3.576131068134749125e-01
5.021541069359527487e-01
-1.632827176169882044e-01
2.612633431549216123e-01
7.531293119897208843e-01
1.902797264721112214e-01
-9.067417292767709913e-01
-2.615608987470088298e-01
4.878440587211219093e-01
1.153629676283518535e-03
5.190794586430127477e-01
7.536279096687017454e-01
6.738712200055394508e-01
-6.106998556385980770e-01
3.241617550214270782e-01
6.833162694304115714e-01
-7.743212651280739767e-01
5.452219251315275628e-01
4.465777483856974150e-01
-5.140745036479286156e-01
-9.565475464048782683e-01
8.122159436580980163e-01
-7.809889529777829242e-01
-7.566801144314596606e-01
-6.578299825642783816e-01
-3.747094914448645397e-01
1.810307451421573344e-01
-3.150679125928428359e-01
8.662264022038468347e-02
-6.008622284041531536e-01
-4.699997513444187369e-02
-1.379306703194660422e-02
9.295438883384858908e-01
-8.365473607278859358e-01
4.488643900300319789e-01
-7.192194198666790328e-02
-6.160747167805240565e-01
9.023151740816528488e-01
1.694498492303626591e-01
4.653299218823325756e-01
-3.054460382397008456e-01
7.242528108187875624e-01
6.944001663225647381e-01
9.395486632552962902e-02
2.292435922395623660e-01
-7.309167399278737598e-02
-1.215833550403435659e-01
1.978833943865108136e-01
6.432896773475988983e-01
-9.341379189749090539e-01
7.786918388448036410e-01
8.190810072812180209e-01
-4.745223952458128558e-01
1.238634838328549481e-01
-2.723162930958511474e-01
2.479330785543454319e-02
-8.542897326347038689e-01
1.128451847924540896e-01
-3.363284000177180211e-02
-9.289426518123848897e-01
7.622894314122121706e-01
2.884544083011619797e-02
-5.570898032625655194e-01
1.032679343563451813e-01
-5.234318711342988983e-01
-2.441471879992471727e-01
-4.243887837539286334e-01
-6.496243306161848530e-01
-1.228929548744854827e-01
2.575255600016053137e-01
8.896394961976532567e-01
-1.175279531610364803e-01
6.376363688562711740e-01
-3.507019739107228862e-01
3.988677653033092518e-01
-8.036626270757958324e-01
3.126419673972848923e-01
-7.755402409917389051e-02
-8.058452631855024251e-01
1.710942770469028318e-01
1.985171317988885242e-01
2.706594458106406087e-01
-4.625934204665307359e-01
-8.086931772615757463e-01
-8.671737765920275454e-01
-4.158288874518571987e-01
-1.785073165466906087e-01
9.001413186688036472e-01
-8.340941287662377857e-01
-8.208613995114841799e-01
-3.541828296517177677e-01
-7.641463332526270413e-01
1.347479765518238004e-01
7.026313877168772759e-01
-2.365930383803378501e-01
-2.744350672503281796e-01
8.161432483938635407e-01
-3.775634630221094135e-01
-7.956436517638236783e-01
-4.109804428582755076e-01
7.445299439104733352e-01
-7.044732050649415989e-02
-9.238847613989484842e-01
-5.446858950581281444e-01
6.947424600924854143e-01
8.623944654875270732e-01
-3.561881081974920260e-01
9.923923236400125081e-01
1.794983448097497991e-01
-7.564674356905507491e-01
8.744623490855523151e-01
-7.752114726393142252e-01
4.812589915028313570e-01
7.735365970662220203e-01
-1.767911359986424902e-01
4.701458347952993666e-01
5.252617813234012889e-01
-7.552853527395113620e-01
-5.234253426056236780e-01
4.525340115342748604e-01
-8.128602575872900804e-01
4.853659068042182057e-02
-1.279678327353135359e-01
-8.548826849113400073e-02
-9.358502309173499789e-01
5.764999266879700102e-01
-6.259574460312291588e-01
5.219738024983044955e-01
-9.768617618622026377e-01
8.577879271827701935e-01
-5.830339395466945795e-01
-6.535862031372983161e-01
-3.028687339052285044e-01
-1.374528976465483332e-01
-8.389073594067428807e-01
4.268238404166215805e-01
1.002244164321819397e-02
5.565470063648794152e-01
6.194849575806338216e-01
-3.503289431714531332e-01
-4.441902024310984132e-01
5.905527689586618223e-01
-5.734418772777338802e-01
-2.810650656114950241e-01
-2.602938977928941355e-01
-6.625317632368374898e-01
-8.427744444427167636e-01
-5.839317873558451666e-01
3.378222151692042985e-01
-4.542263602774632147e-02
8.815908657247994995e-01
9.910761089617601272e-01
-6.838683941091929785e-01
3.376529722627039654e-01
-1.226639472187525115e-01
7.095599714651772416e-01
-2.310884584056238644e-01
-5.782671489543267374e-01
4.187860616357925725e-01
-4.383410291455502872e-01
3.828271950915791422e-01
-7.477422105968036803e-01
-1.823314969598694990e-01
-1.299851272281840053e-01
-3.006831274786518904e-01
7.850054793346228355e-01
-1.184514611143330232e-01
-4.053160085516525069e-01
3.388927801036960563e-01
3.173872486546773786e-01
-2.263172762250083014e-01
2.769310687893413725e-01
-4.703464956944927167e-01
-3.160742364174613517e-01
7.492573355888887399e-02
5.300788970351237861e-01
-8.082135241975458850e-01
6.415652733378793826e-01
-8.750044942130408288e-01
7.571528592906413557e-01
1.948334393562580757e-01
8.250916350569281743e-01
6.787769864858890223e-01
-8.858463515483983031e-01
7.818498171438448274e-02
-6.153541336580641286e-01
1.831407683069805614e-01
5.131678824379775072e-01
-1.778413700556886745e-01
-7.543107976628109501e-01
-9.030532422787449498e-01
-2.602617766497983265e-01
8.996958664146159634e-02
9.222777634577763450e-01
5.650788307486598328e-02
-2.856767865327773936e-01
-3.941564746845516165e-01
-5.360571190484524351e-01
-4.745425575258011008e-02
8.900493279404022573e-01
7.177467572358364745e-01
-3.481375507578843287e-01
-9.493407493964740596e-01
-4.641274548976626058e-02
6.700555460709491928e-01
-3.227231236707295281e-01
3.898338551374191940e-01
6.454505234115106571e-01
-5.085120155577278478e-01
7.749774040533075059e-02
8.034921147115554607e-01
-2.023923610821283248e-01
2.479433473119130316e-01
-1.338412439789884445e-01
2.693763913077253935e-01
-5.267174852505682736e-01
-5.392287774050890103e-01
-5.161456549175338360e-01
8.853060723159706935e-01
-4.587525584005678336e-01
9.700787453763566326e-01
2.656525668089426695e-01
-2.629920805828784847e-01
9.897407441483911938e-01
2.315159121320564672e-02
5.910588830681258177e-01
9.860178416819265212e-01
-1.680293788318127923e-01
5.438929517108830325e-01
3.932639143011940064e-02
-9.293909169724834385e-03
